"id","curso","bloque","criterio","estandar","prioridad"
"1111","1","Bloque 1: Comunicación oral: escuchar y hablar","1. Comprender, interpretar y valorar textos orales sencillos propios de los ámbitos personal, académico/escolar y social.","1.1.    Comprende el sentido global de textos orales sencillos propios de los ámbitos personal, escolar/académico y social, identificando la estructura, el tema, la información relevante y la intención comunicativa del hablante.",
"1112","1","Bloque 1: Comunicación oral: escuchar y hablar","1. Comprender, interpretar y valorar textos orales sencillos propios de los ámbitos personal, académico/escolar y social.","1.2.    Anticipa ideas e infiere datos del emisor y del contenido del texto analizando fuentes de procedencia no verbal.",
"1113","1","Bloque 1: Comunicación oral: escuchar y hablar","1. Comprender, interpretar y valorar textos orales sencillos propios de los ámbitos personal, académico/escolar y social.","1.3. Retiene información relevante y extrae informaciones concretas.",
"1114","1","Bloque 1: Comunicación oral: escuchar y hablar","1. Comprender, interpretar y valorar textos orales sencillos propios de los ámbitos personal, académico/escolar y social.","1.4. Sigue e interpreta instrucciones orales sencillas respetando su jerarquía.",
"1115","1","Bloque 1: Comunicación oral: escuchar y hablar","1. Comprender, interpretar y valorar textos orales sencillos propios de los ámbitos personal, académico/escolar y social.","1.5. Comprende el sentido global de textos sencillos de tipo publicitario, informativo y de opinión procedentes de los medios de comunicación.",
"1116","1","Bloque 1: Comunicación oral: escuchar y hablar","1. Comprender, interpretar y valorar textos orales sencillos propios de los ámbitos personal, académico/escolar y social.","1.6. Identifica la idea principal y las secundarias de textos y los resume, de forma clara, recogiendo las ideas más importantes e integrándolas en oraciones que se relacionen lógica y semánticamente.",
"1121","1","Bloque 1: Comunicación oral: escuchar y hablar","2. Comprender, interpretar y valorar textos orales sencillos de diferente tipo.","2.1. Comprende el sentido global de textos orales sencillos narrativos, descriptivos, instructivos, expositivos, argumentativos y dialogados, identificando la información relevante, determinando el tema y reconociendo la intención comunicativa del hablant",
"1122","1","Bloque 1: Comunicación oral: escuchar y hablar","2. Comprender, interpretar y valorar textos orales sencillos de diferente tipo.","2.2. Anticipa ideas e infiere datos del emisor y del contenido del texto analizando fuentes de procedencia no verbal.",
"1123","1","Bloque 1: Comunicación oral: escuchar y hablar","2. Comprender, interpretar y valorar textos orales sencillos de diferente tipo.","2.3. Retiene información relevante y extrae informaciones concretas.",
"1124","1","Bloque 1: Comunicación oral: escuchar y hablar","2. Comprender, interpretar y valorar textos orales sencillos de diferente tipo.","2.4. Interpreta y valora aspectos concretos del contenido y de la estructura  de textos narrativos, descriptivos, expositivos, argumentativos, instructivos y dialogados emitiendo juicios razonados y relacionándolos con conceptos personales para justificar",
"1125","1","Bloque 1: Comunicación oral: escuchar y hablar","2. Comprender, interpretar y valorar textos orales sencillos de diferente tipo.","2.5. Utiliza progresivamente los instrumentos adecuados para localizar el significado de palabras o enunciados desconocidos (demanda ayuda, busca en diccionarios, recuerda el contexto en el que aparece?).",
"1126","1","Bloque 1: Comunicación oral: escuchar y hablar","2. Comprender, interpretar y valorar textos orales sencillos de diferente tipo.","2.6. Identifica la idea principal y las secundarias de textos narrativos, descriptivos, instructivos, expositivos, argumentativos y dialogados y los resume, de forma clara, recogiendo las ideas más importantes e integrándolas en oraciones que se relacione",
"1131","1","Bloque 1: Comunicación oral: escuchar y hablar","3. Comprender el sentido global de conversaciones espontáneas, coloquios y debates sencillos.","3.1. Escucha, observa y explica el sentido global de conversaciones espontáneas, coloquios y debates sencillos identificando la información relevante, determinando el tema y reconociendo la intención comunicativa y la postura de cada participante, así com",
"1132","1","Bloque 1: Comunicación oral: escuchar y hablar","3. Comprender el sentido global de conversaciones espontáneas, coloquios y debates sencillos.","3.2. Observa y analiza las intervenciones particulares de cada participante en un debate sencillo teniendo en cuenta el tono empleado, el lenguaje que se utiliza, el contenido y el grado de respeto hacia las personas cuando expresan su opinión.",
"1133","1","Bloque 1: Comunicación oral: escuchar y hablar","3. Comprender el sentido global de conversaciones espontáneas, coloquios y debates sencillos.","3.3. Reconoce y asume las reglas de interacción, intervención y cortesía que regulan los debates y cualquier intercambio comunicativo oral.",
"1141","1","Bloque 1: Comunicación oral: escuchar y hablar","4. Valorar la importancia de la conversación en la vida social practicando actos de habla: contando, describiendo, opinando, dialogando?, en situaciones comunicativas propias de la actividad escolar.","4.1. Interviene y valora su participación en actos comunicativos orales propios de la actividad escolar.",
"1151","1","Bloque 1: Comunicación oral: escuchar y hablar","5. Reconocer, interpretar y evaluar progresivamente la claridad expositiva, la adecuación, coherencia y cohesión del discurso en las producciones orales propias y ajenas, así como los aspectos prosódicos y los elementos no verbales (gestos, movimientos, m","5.1. Conoce y aplica el proceso de producción de discursos orales valorando la claridad expositiva, la adecuación, la cohesión del discurso, así como la coherencia de los contenidos. ",
"1152","1","Bloque 1: Comunicación oral: escuchar y hablar","5. Reconocer, interpretar y evaluar progresivamente la claridad expositiva, la adecuación, coherencia y cohesión del discurso en las producciones orales propias y ajenas, así como los aspectos prosódicos y los elementos no verbales (gestos, movimientos, m","5.2. Reconoce la importancia de los aspectos prosódicos  del lenguaje no verbal y de la gestión de tiempos y empleo de ayudas audiovisuales en cualquier tipo de discurso.",
"1153","1","Bloque 1: Comunicación oral: escuchar y hablar","5. Reconocer, interpretar y evaluar progresivamente la claridad expositiva, la adecuación, coherencia y cohesión del discurso en las producciones orales propias y ajenas, así como los aspectos prosódicos y los elementos no verbales (gestos, movimientos, m","5.3. Reconoce los errores de la producción oral propia y ajena a partir de la práctica habitual de la evaluación y autoevaluación, proponiendo soluciones para mejorarlas.",
"1161","1","Bloque 1: Comunicación oral: escuchar y hablar","6.  Aprender a hablar en público, en situaciones formales e informales, de forma individual o en grupo.","6.1. Realiza presentaciones orales sencillas.",
"1162","1","Bloque 1: Comunicación oral: escuchar y hablar","6.  Aprender a hablar en público, en situaciones formales e informales, de forma individual o en grupo.","6.2. Organiza el contenido y elabora guiones previos a la intervención oral formal seleccionando la idea central y el momento en el que va a ser presentada a su auditorio, así como las ideas secundarias y ejemplos que van a apoyar su desarrollo.",
"1163","1","Bloque 1: Comunicación oral: escuchar y hablar","6.  Aprender a hablar en público, en situaciones formales e informales, de forma individual o en grupo.","6.3. Realiza intervenciones no planificadas, dentro del aula, analizando y comparando las similitudes y diferencias entre discursos formales y discursos espontáneos.",
"1164","1","Bloque 1: Comunicación oral: escuchar y hablar","6.  Aprender a hablar en público, en situaciones formales e informales, de forma individual o en grupo.","6.4. Incorpora progresivamente palabras propias del nivel formal de la lengua en sus prácticas orales.",
"1165","1","Bloque 1: Comunicación oral: escuchar y hablar","6.  Aprender a hablar en público, en situaciones formales e informales, de forma individual o en grupo.","6.5. Pronuncia con corrección y claridad, modulando y adaptando su mensaje a la finalidad de la práctica oral.",
"1166","1","Bloque 1: Comunicación oral: escuchar y hablar","6.  Aprender a hablar en público, en situaciones formales e informales, de forma individual o en grupo.","6.6. Evalúa, por medio de guías, las producciones propias y ajenas mejorando progresivamente sus prácticas discursivas.",
"1171","1","Bloque 1: Comunicación oral: escuchar y hablar","7. Participar y valorar la intervención  en debates, coloquios y conversaciones espontáneas.","7.1. Participa activamente en debates y coloquios escolares, respetando las reglas de interacción, intervención y cortesía que los regulan, manifestando sus opiniones y respetando a los demás cuando expresan su opinión.",
"1172","1","Bloque 1: Comunicación oral: escuchar y hablar","7. Participar y valorar la intervención  en debates, coloquios y conversaciones espontáneas.","7.2. Se ciñe al tema, no divaga y atiende a las instrucciones del moderador en debates y coloquios.",
"1173","1","Bloque 1: Comunicación oral: escuchar y hablar","7. Participar y valorar la intervención  en debates, coloquios y conversaciones espontáneas.","7.3. Evalúa las intervenciones propias y ajenas.",
"1174","1","Bloque 1: Comunicación oral: escuchar y hablar","7. Participar y valorar la intervención  en debates, coloquios y conversaciones espontáneas.","7.4. Respeta las normas de cortesía que deben dirigir las conversaciones orales, ajustándose al turno de palabra, respetando el espacio, gesticulando de forma adecuada, escuchando activamente a los demás y usando fórmulas de saludo y despedida.",
"1181","1","Bloque 1: Comunicación oral: escuchar y hablar","8. Reproducir situaciones reales o imaginarias de comunicación, potenciando el desarrollo progresivo de las habilidades sociales, la expresión verbal y no verbal, y la representación de realidades, sentimientos y emociones.","8.1. Dramatiza e improvisa situaciones reales o imaginarias de comunicación.",
"1211","1","Bloque 2: Comunicación escrita: leer y escribir","1. Aplicar estrategias de lectura comprensiva y crítica de textos.","1.1. Pone en práctica diferentes estrategias de lectura en función del objetivo y el tipo de texto.",
"1212","1","Bloque 2: Comunicación escrita: leer y escribir","1. Aplicar estrategias de lectura comprensiva y crítica de textos.","1.2. Comprende el significado de las palabras propias de nivel formal de la lengua incorporándolas a su repertorio léxico.",
"1213","1","Bloque 2: Comunicación escrita: leer y escribir","1. Aplicar estrategias de lectura comprensiva y crítica de textos.","1.3. Relaciona la información explícita e implícita de un texto poniéndola en relación con el contexto.",
"1214","1","Bloque 2: Comunicación escrita: leer y escribir","1. Aplicar estrategias de lectura comprensiva y crítica de textos.","1.4. Deduce la idea principal de un texto y reconoce las ideas secundarias comprendiendo las relaciones que se establecen entre ellas.  ",
"1215","1","Bloque 2: Comunicación escrita: leer y escribir","1. Aplicar estrategias de lectura comprensiva y crítica de textos.","1.5. Hace inferencias e hipótesis sobre el sentido de un enunciado o de un texto que contenga diferentes matices semánticos y se sirve de ellas para la construcción del significado global y la evaluación crítica.",
"1216","1","Bloque 2: Comunicación escrita: leer y escribir","1. Aplicar estrategias de lectura comprensiva y crítica de textos.","1.6. Evalúa su proceso de comprensión lectora, usando diferentes instrumentos de autoevaluación.",
"1221","1","Bloque 2: Comunicación escrita: leer y escribir","2. Leer, comprender, interpretar y valorar textos sencillos.","2.1. Reconoce y expresa el tema y la intención comunicativa de textos escritos sencillos propios de los ámbitos personal y familiar, académico/escolar y social (medios de comunicación), identificando la tipología textual seleccionada, la organización del ",
"1222","1","Bloque 2: Comunicación escrita: leer y escribir","2. Leer, comprender, interpretar y valorar textos sencillos.","2.2. Reconoce y expresa el tema y la intención comunicativa de textos sencillos narrativos, descriptivos, instructivos, expositivos, argumentativos y dialogados identificando la tipología textual seleccionada, la organización del contenido y las marcas li",
"1223","1","Bloque 2: Comunicación escrita: leer y escribir","2. Leer, comprender, interpretar y valorar textos sencillos.","2.3. Localiza informaciones explícitas e implícitas en un texto sencillo relacionándolas entre sí y secuenciándolas, y deduce valoraciones implícitas.",
"1224","1","Bloque 2: Comunicación escrita: leer y escribir","2. Leer, comprender, interpretar y valorar textos sencillos.","2.4. Retiene información y reconoce la idea principal y las ideas secundarias, comprendiendo las relaciones entre ellas.",
"1225","1","Bloque 2: Comunicación escrita: leer y escribir","2. Leer, comprender, interpretar y valorar textos sencillos.","2.5. Entiende instrucciones escritas que le permiten desenvolverse en situaciones de la vida cotidiana y en los procesos de aprendizaje.",
"1226","1","Bloque 2: Comunicación escrita: leer y escribir","2. Leer, comprender, interpretar y valorar textos sencillos.","2.6. Interpreta, explica y deduce la información dada en diagramas, gráficas, fotografías, mapas conceptuales, esquemas?",
"1231","1","Bloque 2: Comunicación escrita: leer y escribir","3. Manifestar una actitud crítica ante la lectura de cualquier tipo de textos sencillos u obras literarias, a través de una lectura reflexiva que permita identificar posturas de acuerdo o desacuerdo respetando en todo momento a las personas que expresan s","3.1 Identifica y expresa las posturas de acuerdo y desacuerdo sobre aspectos parciales, o globales, de un texto sencillo.",
"1232","1","Bloque 2: Comunicación escrita: leer y escribir","3. Manifestar una actitud crítica ante la lectura de cualquier tipo de textos sencillos u obras literarias, a través de una lectura reflexiva que permita identificar posturas de acuerdo o desacuerdo respetando en todo momento a las personas que expresan s","3.2. Elabora sobre el significado de un texto su propia interpretación.",
"1233","1","Bloque 2: Comunicación escrita: leer y escribir","3. Manifestar una actitud crítica ante la lectura de cualquier tipo de textos sencillos u obras literarias, a través de una lectura reflexiva que permita identificar posturas de acuerdo o desacuerdo respetando en todo momento a las personas que expresan s","3.3. Respeta a las personas cuando expresan su opinión.",
"1241","1","Bloque 2: Comunicación escrita: leer y escribir","4. Seleccionar los conocimientos que se obtengan de las bibliotecas o de cualquier otra fuente de información impresa en papel o digital, integrándolos en un proceso de aprendizaje continuo.","4.1. Utiliza, de forma autónoma, diversas fuentes de información integrando progresivamente los conocimientos adquiridos en sus discursos orales o escritos.",
"1242","1","Bloque 2: Comunicación escrita: leer y escribir","4. Seleccionar los conocimientos que se obtengan de las bibliotecas o de cualquier otra fuente de información impresa en papel o digital, integrándolos en un proceso de aprendizaje continuo.","4.2. Conoce y maneja habitualmente diccionarios impresos o en versión digital.",
"1243","1","Bloque 2: Comunicación escrita: leer y escribir","4. Seleccionar los conocimientos que se obtengan de las bibliotecas o de cualquier otra fuente de información impresa en papel o digital, integrándolos en un proceso de aprendizaje continuo.","4.3. Conoce el funcionamiento de bibliotecas (escolares, locales?), así como de bibliotecas digitales y es capaz de solicitar libros, vídeos? autónomamente.",
"1251","1","Bloque 2: Comunicación escrita: leer y escribir","5. Aplicar progresivamente las estrategias necesarias para producir textos adecuados, coherentes y cohesionados.","5.1. Aplica técnicas diversas para planificar sus escritos: esquemas, mapas conceptuales, etc. y redacta borradores de escritura.",
"1252","1","Bloque 2: Comunicación escrita: leer y escribir","5. Aplicar progresivamente las estrategias necesarias para producir textos adecuados, coherentes y cohesionados.","5.2. Escribe textos usando el registro adecuado, organizando las ideas con claridad, enlazando enunciados en secuencias lineales cohesionadas y coherentes y respetando las normas gramaticales y ortográficas.",
"1253","1","Bloque 2: Comunicación escrita: leer y escribir","5. Aplicar progresivamente las estrategias necesarias para producir textos adecuados, coherentes y cohesionados.","5.3. Revisa el texto en varias fases para aclarar problemas con el contenido (ideas, estructura y coherencia léxica) o la forma (puntuación, ortografía, tipografía, gramática, cohesión y presentación), evaluando su propia producción escrita o la de sus co",
"1254","1","Bloque 2: Comunicación escrita: leer y escribir","5. Aplicar progresivamente las estrategias necesarias para producir textos adecuados, coherentes y cohesionados.","5.4. Reescribe textos propios y ajenos aplicando las propuestas de mejora que se deducen de la evaluación de la producción escrita y ajustándose a las normas ortográficas y gramaticales que permiten una comunicación fluida.",
"1261","1","Bloque 2: Comunicación escrita: leer y escribir","6. Escribir textos sencillos relacionados con los ámbitos personal, académico/escolar y social, utilizando adecuadamente las diferentes formas de elocución.","6.1. Escribe textos propios o imitando textos modelo relacionados con los ámbitos personal y familiar, escolar/académico  y social.",
"1262","1","Bloque 2: Comunicación escrita: leer y escribir","6. Escribir textos sencillos relacionados con los ámbitos personal, académico/escolar y social, utilizando adecuadamente las diferentes formas de elocución.","6.2. Escribe textos narrativos, descriptivos,  instructivos, expositivos, argumentativos y dialogados de forma personal o imitando textos modelo.",
"1263","1","Bloque 2: Comunicación escrita: leer y escribir","6. Escribir textos sencillos relacionados con los ámbitos personal, académico/escolar y social, utilizando adecuadamente las diferentes formas de elocución.","6.3. Utiliza organizadores textuales apropiados en las distintas formas de elocución.",
"1264","1","Bloque 2: Comunicación escrita: leer y escribir","6. Escribir textos sencillos relacionados con los ámbitos personal, académico/escolar y social, utilizando adecuadamente las diferentes formas de elocución.","6.4. Resume textos sencillos globalizando la información e integrándola en oraciones que se relacionen lógica y semánticamente, evitando parafrasear el texto resumido y la repetición léxica.",
"1265","1","Bloque 2: Comunicación escrita: leer y escribir","6. Escribir textos sencillos relacionados con los ámbitos personal, académico/escolar y social, utilizando adecuadamente las diferentes formas de elocución.","6.5. Realiza esquemas y mapas conceptuales, y explica por escrito el significado de los elementos visuales que pueden aparecer en los textos.",
"1271","1","Bloque 2: Comunicación escrita: leer y escribir","7.   Valorar la importancia de la escritura como herramienta de organización del pensamiento y de adquisición de los aprendizajes y como estímulo de la capacidad de razonamiento y del desarrollo personal.","7.1. Produce textos diversos reconociendo en la escritura el instrumento que es capaz de organizar su pensamiento.",
"1272","1","Bloque 2: Comunicación escrita: leer y escribir","7.   Valorar la importancia de la escritura como herramienta de organización del pensamiento y de adquisición de los aprendizajes y como estímulo de la capacidad de razonamiento y del desarrollo personal.","7.2. Utiliza en sus escritos palabras propias del nivel formal de la lengua incorporándolas progresivamente a su repertorio léxico y reconociendo la importancia de enriquecer su vocabulario para expresarse oralmente y por escrito con exactitud y precisión",
"1273","1","Bloque 2: Comunicación escrita: leer y escribir","7.   Valorar la importancia de la escritura como herramienta de organización del pensamiento y de adquisición de los aprendizajes y como estímulo de la capacidad de razonamiento y del desarrollo personal.","7.3. Valora e incorpora progresivamente una actitud creativa ante la escritura.",
"1274","1","Bloque 2: Comunicación escrita: leer y escribir","7.   Valorar la importancia de la escritura como herramienta de organización del pensamiento y de adquisición de los aprendizajes y como estímulo de la capacidad de razonamiento y del desarrollo personal.","7.4.  Conoce y utiliza herramientas de las Tecnologías de la Información y la Comunicación, participando, intercambiando opiniones, comentando y valorando escritos ajenos o escribiendo y dando a conocer los suyos propios.",
"1311","1","Bloque 3: Conocimiento de la lengua","1. Aplicar los conocimientos sobre la lengua y sus normas de uso para resolver problemas de comprensión de textos orales y escritos y para la composición y revisión progresivamente autónoma de los textos propios y ajenos, utilizando la terminología gramat","1.1.  Conoce y distingue las categorías gramaticales y sus características flexivas.",
"1312","1","Bloque 3: Conocimiento de la lengua","1. Aplicar los conocimientos sobre la lengua y sus normas de uso para resolver problemas de comprensión de textos orales y escritos y para la composición y revisión progresivamente autónoma de los textos propios y ajenos, utilizando la terminología gramat","1.2. Reconoce y explica el uso de las categorías gramaticales en los textos, utilizando este conocimiento para corregir errores de concordancia en textos propios y ajenos.",
"1313","1","Bloque 3: Conocimiento de la lengua","1. Aplicar los conocimientos sobre la lengua y sus normas de uso para resolver problemas de comprensión de textos orales y escritos y para la composición y revisión progresivamente autónoma de los textos propios y ajenos, utilizando la terminología gramat","1.3. Reconoce y corrige errores ortográficos y gramaticales en textos propios y ajenos, aplicando los conocimientos adquiridos para mejorar su producción de textos verbales.",
"1314","1","Bloque 3: Conocimiento de la lengua","1. Aplicar los conocimientos sobre la lengua y sus normas de uso para resolver problemas de comprensión de textos orales y escritos y para la composición y revisión progresivamente autónoma de los textos propios y ajenos, utilizando la terminología gramat","1.4. Conoce y utiliza adecuadamente las formas verbales en sus producciones orales y escritas.",
"1321","1","Bloque 3: Conocimiento de la lengua","2. Reconocer y analizar la estructura y el proceso de formación de las palabras pertenecientes a las distintas categorías gramaticales, distinguiendo las flexivas de las no flexivas.","2.1. Reconoce y explica los elementos constitutivos de la palabra: raíz y afijos, aplicando este conocimiento a la mejora de la comprensión de textos escritos y al enriquecimiento de su vocabulario activo.",
"1322","1","Bloque 3: Conocimiento de la lengua",,"2.2. Reconoce y explica los distintos procedimientos de formación de palabras, distinguiendo las compuestas, las derivadas, las siglas y los acrónimos.",
"1331","1","Bloque 3: Conocimiento de la lengua","3. Comprender el significado de las palabras en toda su extensión para reconocer y diferenciar los usos objetivos de los usos subjetivos.","3.1. Diferencia los componentes denotativos y connotativos en el significado de las palabras dentro de un enunciado o un texto oral o escrito.",
"1341","1","Bloque 3: Conocimiento de la lengua","4. Comprender y valorar las relaciones semánticas de igualdad o semejanza y de contrariedad que se establecen entre las palabras y su uso en el discurso oral y escrito.","4.1. Reconoce, explica y utiliza sinónimos y antónimos de una palabra y su uso concreto en un enunciado o en un texto oral o escrito.",
"1351","1","Bloque 3: Conocimiento de la lengua","5. Reconocer los diferentes cambios de significado que afectan a la palabra en el texto: metáfora, metonimia, palabras tabú y eufemismos.","5.1. Reconoce y explica el uso metafórico y metonímico de las palabras en un enunciado o en un texto oral o escrito.",
"1352","1","Bloque 3: Conocimiento de la lengua",,"5.2. Reconoce y explica los fenómenos contextuales que afectan al significado global de las palabras: tabú y eufemismo.",
"1361","1","Bloque 3: Conocimiento de la lengua","6. Conocer, usar y valorar las normas ortográficas y gramaticales reconociendo su valor social y la necesidad de ceñirse a ellas para conseguir una comunicación eficaz.","6.1.  Conoce, usa y valora las reglas ortográficas: acento gráfico, ortografía de las letras y signos de puntuación.",
"1371","1","Bloque 3: Conocimiento de la lengua","7.  Usar de forma efectiva los diccionarios y otras fuentes de consulta, tanto en papel como en formato digital, para resolver dudas sobre el uso de la lengua y para enriquecer el propio vocabulario.","7.1. Utiliza fuentes variadas de consulta en formatos diversos para resolver sus dudas sobre el uso de la lengua y para ampliar su vocabulario.",
"1381","1","Bloque 3: Conocimiento de la lengua","8. Identificar los conectores textuales presentes en los textos y los principales mecanismos de referencia interna, tanto gramaticales como léxicos, reconociendo la función que realizan en la organización del contenido del discurso.","8.1. Reconoce, usa y explica los conectores textuales básicos y los principales mecanismos de referencia interna, gramaticales y léxicos, valorando su función en la organización del contenido del texto.",
"1391","1","Bloque 3: Conocimiento de la lengua","9. Identificar la intención comunicativa de la persona que habla o escribe.","9.1.  Reconoce la expresión de la objetividad o subjetividad.",
"1392","1","Bloque 3: Conocimiento de la lengua","9. Identificar la intención comunicativa de la persona que habla o escribe.","9.2.  Identifica y usa en textos orales o escritos las formas lingüísticas que hacen referencia al emisor y al receptor, o audiencia: la persona gramatical, el uso de pronombres, etc.",
"1393","1","Bloque 3: Conocimiento de la lengua","9. Identificar la intención comunicativa de la persona que habla o escribe.","9.3.  Explica la diferencia significativa que implica el uso de los tiempos y modos verbales.",
"13101","1","Bloque 3: Conocimiento de la lengua","10. Interpretar de forma adecuada los discursos orales y escritos, teniendo en cuenta los elementos lingüísticos, las relaciones gramaticales y léxicas, y la estructura y disposición de los contenidos, en función de la intención comunicativa.","10.1. Reconoce la coherencia y adecuación de un discurso considerando e identificando mediante sus marcadores lingüísticos las diferentes intenciones comunicativas del emisor, reconociendo también la estructura y disposición de contenidos.",
"13102","1","Bloque 3: Conocimiento de la lengua","10. Interpretar de forma adecuada los discursos orales y escritos, teniendo en cuenta los elementos lingüísticos, las relaciones gramaticales y léxicas, y la estructura y disposición de los contenidos, en función de la intención comunicativa.","10.2. Identifica diferentes estructuras textuales: narración, descripción, exposición, argumentación y diálogo, explicando los mecanismos lingüísticos que las diferencian y aplicando los conocimientos adquiridos en la producción y mejora de textos propios",
"13111","1","Bloque 3: Conocimiento de la lengua","11. Conocer la realidad plurilingüe de España y la distribución geográfica de sus diferentes lenguas y dialectos y valorar esta realidad como fuente de enriquecimiento personal y como muestra de la riqueza de nuestro patrimonio histórico y cultural.","11.1. Localiza en un mapa las distintas lenguas de España y percibe alguna de sus características diferenciales, comparando varios textos.",
"13112","1","Bloque 3: Conocimiento de la lengua","11. Conocer la realidad plurilingüe de España y la distribución geográfica de sus diferentes lenguas y dialectos y valorar esta realidad como fuente de enriquecimiento personal y como muestra de la riqueza de nuestro patrimonio histórico y cultural.","11.2. Valora la realidad plurilingüe de España como fuente de enriquecimiento personal y como muestra de la riqueza de nuestro patrimonio histórico y cultural.",
"1411","1","Bloque 4: Educación literaria","1. Leer obras de la literatura española y universal de todos los tiempos y de la literatura juvenil, cercanas a los propios gustos y aficiones, mostrando interés por la lectura.","1.1. Lee y comprende con un grado creciente de interés y autonomía obras literarias cercanas a sus gustos, aficiones e intereses.",
"1421","1","Bloque 4: Educación literaria","2. Leer y comprender obras literarias de la literatura española y universal de todos los tiempos y de la literatura juvenil, cercanas a los propios gustos y aficiones, contribuyendo a la formación de la personalidad literaria.","2.1. Analiza y valora alguna de las obras de lectura libre, resumiendo el contenido, explicando los aspectos que más le han llamado la atención y lo que la lectura le ha aportado como experiencia personal. ",
"1422","1","Bloque 4: Educación literaria","2. Leer y comprender obras literarias de la literatura española y universal de todos los tiempos y de la literatura juvenil, cercanas a los propios gustos y aficiones, contribuyendo a la formación de la personalidad literaria.","2.2. Desarrolla progresivamente su propio criterio estético persiguiendo como finalidad el placer por la lectura.",
"1431","1","Bloque 4: Educación literaria","3. Reflexionar sobre la conexión entre la literatura y el resto de las artes: música, pintura, cine, etc., como expresión del sentimiento humano, analizando e interrelacionando obras (literarias, musicales, arquitectónicas?), personajes,  temas, etc.,   d","3.1. Desarrolla progresivamente la capacidad de reflexión observando, analizando y explicando la relación existente entre diversas manifestaciones artísticas de todas las épocas (música, pintura, cine?) ",
"1432","1","Bloque 4: Educación literaria","3. Reflexionar sobre la conexión entre la literatura y el resto de las artes: música, pintura, cine, etc., como expresión del sentimiento humano, analizando e interrelacionando obras (literarias, musicales, arquitectónicas?), personajes,  temas, etc.,   d","3.2. Reconoce y comenta la pervivencia o evolución  de personajes-tipo, temas y formas a lo largo de diversos periodos histórico/literarios hasta la actualidad.",
"1433","1","Bloque 4: Educación literaria","3. Reflexionar sobre la conexión entre la literatura y el resto de las artes: música, pintura, cine, etc., como expresión del sentimiento humano, analizando e interrelacionando obras (literarias, musicales, arquitectónicas?), personajes,  temas, etc.,   d","3.3. Compara textos literarios y productos culturales que respondan a un mismo tópico, observando, analizando y explicando los diferentes puntos de vista según el medio, la época o la cultura y  valorando y criticando lo que lee, escucha o ve.",
"1441","1","Bloque 4: Educación literaria","4. Cultivar el gusto y el hábito por la lectura en todas sus vertientes: como fuente de acceso al conocimiento y como instrumento de ocio y  diversión que permite explorar mundos, reales o imaginarios, diferentes del propio.","4.1. Lee textos literarios de distintas épocas y lugares, y comprende en ellos la visión del mundo que expresan.",
"1442","1","Bloque 4: Educación literaria","4. Cultivar el gusto y el hábito por la lectura en todas sus vertientes: como fuente de acceso al conocimiento y como instrumento de ocio y  diversión que permite explorar mundos, reales o imaginarios, diferentes del propio.","4.2. Lee textos literarios y valora en ellos la capacidad de recreación de la realidad y la capacidad imaginativa de creación de mundos de ficción.",
"1443","1","Bloque 4: Educación literaria","4. Cultivar el gusto y el hábito por la lectura en todas sus vertientes: como fuente de acceso al conocimiento y como instrumento de ocio y  diversión que permite explorar mundos, reales o imaginarios, diferentes del propio.","4.3. Habla en clase de los libros y comparte sus impresiones con los compañeros.",
"1444","1","Bloque 4: Educación literaria","4. Cultivar el gusto y el hábito por la lectura en todas sus vertientes: como fuente de acceso al conocimiento y como instrumento de ocio y  diversión que permite explorar mundos, reales o imaginarios, diferentes del propio.","4.4. Trabaja en equipo determinados aspectos de las lecturas propuestas, o seleccionadas por los alumnos, investigando y experimentando de forma progresivamente autónoma.",
"1445","1","Bloque 4: Educación literaria","4. Cultivar el gusto y el hábito por la lectura en todas sus vertientes: como fuente de acceso al conocimiento y como instrumento de ocio y  diversión que permite explorar mundos, reales o imaginarios, diferentes del propio.","4.5. Lee en voz alta, modulando, adecuando la voz, apoyándose en  elementos de la comunicación no verbal y potenciando la expresividad verbal.",
"1446","1","Bloque 4: Educación literaria","4. Cultivar el gusto y el hábito por la lectura en todas sus vertientes: como fuente de acceso al conocimiento y como instrumento de ocio y  diversión que permite explorar mundos, reales o imaginarios, diferentes del propio.","4.6. Dramatiza fragmentos literarios breves desarrollando progresivamente la expresión corporal como manifestación de sentimientos y emociones, respetando las producciones de los demás.",
"1451","1","Bloque 4: Educación literaria","5. Comprender textos literarios sencillos identificando el tema, resumiendo su contenido e interpretando progresivamente algunas peculiaridades del lenguaje literario.","5.1. Lee y comprende  una selección de textos literarios identificando el tema, resumiendo su contenido e interpretando algunas peculiaridades del lenguaje literario.",
"1461","1","Bloque 4: Educación literaria","6. Redactar textos personales de intención literaria siguiendo las convenciones del género, con intención lúdica y creativa.","6.1. Redacta textos personales de intención literaria a partir de modelos dados siguiendo las convenciones del género con intención lúdica y creativa.",
"1462","1","Bloque 4: Educación literaria","6. Redactar textos personales de intención literaria siguiendo las convenciones del género, con intención lúdica y creativa.","6.2. Desarrolla el gusto por la escritura como instrumento de comunicación capaz de analizar y  regular sus propios sentimientos.",
"1471","1","Bloque 4: Educación literaria","7. Consultar y citar adecuadamente fuentes de información variadas, para realizar un trabajo académico en soporte papel o digital sobre un tema del currículo de literatura, adoptando un punto de vista crítico y personal y utilizando las tecnologías de la ","7.1. Utiliza recursos variados de las Tecnologías de la Información y la Comunicación para la realización de sus trabajos académicos.",
"2111","2","Bloque 1: Comunicación oral: escuchar y hablar","1. Comprender, interpretar y valorar textos orales de dificultad media propios del ámbito personal, académico/escolar y social. ","1.1. Comprende el sentido global de textos orales de dificultad media propios del ámbito personal, escolar/académico y social, identificando la estructura, el tema,  la información relevante y la intención comunicativa del hablante.",
"2112","2","Bloque 1: Comunicación oral: escuchar y hablar","1. Comprender, interpretar y valorar textos orales de dificultad media propios del ámbito personal, académico/escolar y social. ","1.2. Anticipa ideas e infiere datos del emisor y del contenido del texto, analizando fuentes de procedencia no verbal.",
"2113","2","Bloque 1: Comunicación oral: escuchar y hablar","1. Comprender, interpretar y valorar textos orales de dificultad media propios del ámbito personal, académico/escolar y social. ","1.3. Retiene información relevante y extrae informaciones concretas.",
"2114","2","Bloque 1: Comunicación oral: escuchar y hablar","1. Comprender, interpretar y valorar textos orales de dificultad media propios del ámbito personal, académico/escolar y social. ","1.4. Sigue e interpreta instrucciones orales, respetando su jerarquía dada.",
"2115","2","Bloque 1: Comunicación oral: escuchar y hablar","1. Comprender, interpretar y valorar textos orales de dificultad media propios del ámbito personal, académico/escolar y social. ","1.5. Comprende el sentido global de textos publicitarios, informativos y de opinión procedentes de los medios de comunicación, distinguiendo la información de la persuasión en la publicidad y la información de la opinión en los textos periodísticos, ident",
"2116","2","Bloque 1: Comunicación oral: escuchar y hablar","1. Comprender, interpretar y valorar textos orales de dificultad media propios del ámbito personal, académico/escolar y social. ","1.6. Identifica la idea principal y las secundarias en un texto de dificultad media.",
"2117","2","Bloque 1: Comunicación oral: escuchar y hablar","1. Comprender, interpretar y valorar textos orales de dificultad media propios del ámbito personal, académico/escolar y social. ","1.7. Resume textos, de forma oral, recogiendo las ideas importantes e integrándolas, de forma clara, en oraciones que se relacionen lógica y semánticamente.",
"2121","2","Bloque 1: Comunicación oral: escuchar y hablar","2. Comprender, interpretar y valorar textos orales de dificultad media de diferente tipo.","2.1. Comprende el sentido global de textos narrativos, descriptivos, instructivos, expositivos, argumentativos y dialogados., identificando la información relevante, determinando el tema y reconociendo la intención comunicativa del hablante, así como su e",
"2122","2","Bloque 1: Comunicación oral: escuchar y hablar","2. Comprender, interpretar y valorar textos orales de dificultad media de diferente tipo.","2.2. Anticipa ideas e infiere datos del emisor y del contenido del texto, analizando fuentes de procedencia no verbal.",
"2123","2","Bloque 1: Comunicación oral: escuchar y hablar","2. Comprender, interpretar y valorar textos orales de dificultad media de diferente tipo.","2.3. Retiene información relevante y extrae informaciones concretas. ",
"2124","2","Bloque 1: Comunicación oral: escuchar y hablar","2. Comprender, interpretar y valorar textos orales de dificultad media de diferente tipo.","2.4. Interpreta y valora aspectos concretos del contenido y de la estructura de textos narrativos, descriptivos, instructivos, expositivos, argumentativos y dialogados, emitiendo juicios razonados y relacionándolos con conceptos personales para justificar",
"2125","2","Bloque 1: Comunicación oral: escuchar y hablar","2. Comprender, interpretar y valorar textos orales de dificultad media de diferente tipo.","2.5. Utiliza progresivamente los instrumentos adecuados para localizar el significado de palabras o enunciados desconocidos (demanda ayuda, busca en diccionarios, recuerda el contexto en el que aparece?).",
"2126","2","Bloque 1: Comunicación oral: escuchar y hablar","2. Comprender, interpretar y valorar textos orales de dificultad media de diferente tipo.","2.6. Identifica la idea principal y las secundarias de textos narrativos, descriptivos, instructivos, expositivos, argumentativos y dialogados, y los resume de forma clara, recogiendo las ideas importantes e integrando la información en oraciones que se r",
"2131","2","Bloque 1: Comunicación oral: escuchar y hablar","3. Comprender el sentido global de conversaciones espontáneas, coloquios y debates de mediana dificultad.","3.1. Escucha, observa y explica el sentido global de debates, coloquios y conversaciones espontáneas, de dificultad media, identificando la información relevante, determinando el tema y reconociendo la intención comunicativa y la postura de cada participa",
"2132","2","Bloque 1: Comunicación oral: escuchar y hablar","3. Comprender el sentido global de conversaciones espontáneas, coloquios y debates de mediana dificultad.","3.2. Observa y analiza las intervenciones particulares de cada participante en un debate teniendo en cuenta el tono empleado, el lenguaje que se utiliza, el contenido y el grado de respeto hacia las personas cuando expresan su opinion.",
"2133","2","Bloque 1: Comunicación oral: escuchar y hablar","3. Comprender el sentido global de conversaciones espontáneas, coloquios y debates de mediana dificultad.","3.3. Reconoce y asume las reglas de interacción, intervención y cortesía que regulan los debates y cualquier intercambio comunicativo oral.",
"2141","2","Bloque 1: Comunicación oral: escuchar y hablar","4. Valorar la importancia de la conversación en la vida social practicando actos de habla: contando, describiendo, opinando y dialogando, en situaciones comunicativas propias de la actividad escolar.","4.1. Interviene y valora su participación en actos comunicativos orales propios de la actividad escolar",
"2151","2","Bloque 1: Comunicación oral: escuchar y hablar","5. Reconocer, interpretar y evaluar progresivamente la claridad expositiva, la adecuación, coherencia y cohesión del discurso en las producciones orales propias y ajenas, así como los aspectos prosódicos y los elementos no verbales (gestos, movimientos, m","5.1. Conoce y aplica el proceso de producción de discursos orales valorando la claridad expositiva, la adecuación, la cohesión del discurso, así como la coherencia de los contenidos. ",
"2152","2","Bloque 1: Comunicación oral: escuchar y hablar","5. Reconocer, interpretar y evaluar progresivamente la claridad expositiva, la adecuación, coherencia y cohesión del discurso en las producciones orales propias y ajenas, así como los aspectos prosódicos y los elementos no verbales (gestos, movimientos, m","5.2. Reconoce la importancia de los aspectos prosódicos del lenguaje no verbal y de la gestión de tiempos y empleo de ayudas audiovisuales en cualquier tipo de discurso.",
"2153","2","Bloque 1: Comunicación oral: escuchar y hablar","5. Reconocer, interpretar y evaluar progresivamente la claridad expositiva, la adecuación, coherencia y cohesión del discurso en las producciones orales propias y ajenas, así como los aspectos prosódicos y los elementos no verbales (gestos, movimientos, m","5.3. Reconoce los errores de la producción oral propia y ajena a partir de la práctica habitual de la evaluación y autoevaluación, proponiendo soluciones para mejorarlas.",
"2161","2","Bloque 1: Comunicación oral: escuchar y hablar","6. Aprender a hablar en público, en situaciones formales e informales, de forma individual o en grupo.","6.1. Realiza presentaciones orales. ",
"2162","2","Bloque 1: Comunicación oral: escuchar y hablar","6. Aprender a hablar en público, en situaciones formales e informales, de forma individual o en grupo.","6.2. Organiza el contenido y elabora guiones previos a la intervención oral formal seleccionando la idea central y el momento en el que va a ser presentada a su auditorio, así como las ideas secundarias y ejemplos que van a apoyar su desarrollo. ",
"2163","2","Bloque 1: Comunicación oral: escuchar y hablar","6. Aprender a hablar en público, en situaciones formales e informales, de forma individual o en grupo.","6.3. Realiza intervenciones no planificadas, dentro del aula, analizando y comparando las similitudes y diferencias entre discursos formales y discursos espontáneos.",
"2164","2","Bloque 1: Comunicación oral: escuchar y hablar","6. Aprender a hablar en público, en situaciones formales e informales, de forma individual o en grupo.","6.4. Incorpora progresivamente palabras propias del nivel formal de la lengua en sus prácticas orales.",
"2165","2","Bloque 1: Comunicación oral: escuchar y hablar","6. Aprender a hablar en público, en situaciones formales e informales, de forma individual o en grupo.","6.5. Pronuncia con corrección y claridad, modulando y adaptando su mensaje a la finalidad de la práctica oral.",
"2166","2","Bloque 1: Comunicación oral: escuchar y hablar","6. Aprender a hablar en público, en situaciones formales e informales, de forma individual o en grupo.","6.6. Evalúa, por medio de guías, las producciones propias y ajenas mejorando progresivamente sus prácticas discursivas.",
"2171","2","Bloque 1: Comunicación oral: escuchar y hablar","7. Participar y valorar la intervención en debates, coloquios y conversaciones espontáneas.","7.1. Participa activamente en debates y coloquios escolares, respetando las reglas de interacción, intervención y cortesía que los regulan, manifestando sus opiniones y respetando a los demás cuando expresan su opinión.",
"2172","2","Bloque 1: Comunicación oral: escuchar y hablar","7. Participar y valorar la intervención en debates, coloquios y conversaciones espontáneas.","7.2. Se ciñe al tema, no divaga y atiende a las instrucciones del moderador en debates y coloquios.",
"2173","2","Bloque 1: Comunicación oral: escuchar y hablar","7. Participar y valorar la intervención en debates, coloquios y conversaciones espontáneas.","7.3. Evalúa las intervenciones propias y ajenas.",
"2174","2","Bloque 1: Comunicación oral: escuchar y hablar","7. Participar y valorar la intervención en debates, coloquios y conversaciones espontáneas.","7.4. Respeta las normas de cortesía que deben dirigir las conversaciones orales, ajustándose al turno de palabra, respetando el espacio, gesticulando de forma adecuada, escuchando activamente a los demás y usando fórmulas de saludo y despedida.",
"2181","2","Bloque 1: Comunicación oral: escuchar y hablar","8. Reproducir situaciones reales o imaginarias de comunicación potenciando el desarrollo progresivo de las habilidades sociales, la expresión verbal y no verbal, y la representación de realidades, sentimientos y emociones.","8.1. Dramatiza e improvisa situaciones reales o imaginarias de comunicación.",
"2211","2","Bloque 2: Comunicación escrita: leer y escribir","1. Aplicar estrategias de lectura comprensiva y crítica de textos.","1.1. Pone en práctica diferentes estrategias de lectura en función del objetivo y el tipo de texto.",
"2212","2","Bloque 2: Comunicación escrita: leer y escribir","1. Aplicar estrategias de lectura comprensiva y crítica de textos.","1.2. Comprende el significado de las palabras propias de nivel formal de la lengua incorporándolas a su repertorio léxico.",
"2213","2","Bloque 2: Comunicación escrita: leer y escribir","1. Aplicar estrategias de lectura comprensiva y crítica de textos.","1.3. Relaciona la información explícita e implícita de un texto poniéndola en relación con el contexto.",
"2214","2","Bloque 2: Comunicación escrita: leer y escribir","1. Aplicar estrategias de lectura comprensiva y crítica de textos.","1.4. Deduce la idea principal de un texto y reconoce las ideas secundarias, comprendiendo las relaciones que se establecen entre ellas.  ",
"2215","2","Bloque 2: Comunicación escrita: leer y escribir","1. Aplicar estrategias de lectura comprensiva y crítica de textos.","1.5. Hace inferencias e hipótesis sobre el sentido de un enunciado o de un texto que contenga diferentes matices semánticos y se sirve de ellas para la construcción del significado global y la evaluación crítica.",
"2216","2","Bloque 2: Comunicación escrita: leer y escribir","1. Aplicar estrategias de lectura comprensiva y crítica de textos.","1.6. Evalúa su proceso de comprensión lectora usando diferentes instrumentos de autoevaluación.",
"2221","2","Bloque 2: Comunicación escrita: leer y escribir","2. Leer, comprender, interpretar y valorar textos de dificultad media.","2.1. Reconoce y expresa el tema y la intención comunicativa de textos escritos, de dificultad media, propios del ámbito personal y familiar, académico/escolar y ámbito social (medios de comunicación), identificando la tipología textual seleccionada, la or",
"2222","2","Bloque 2: Comunicación escrita: leer y escribir","2. Leer, comprender, interpretar y valorar textos de dificultad media.","2.2. Reconoce y expresa el tema y la intención comunicativa de textos, de mediana dificultad, narrativos, descriptivos, instructivos, expositivos, argumentativos y dialogados identificando la tipología textual seleccionada, la organización del contenido y",
"2223","2","Bloque 2: Comunicación escrita: leer y escribir","2. Leer, comprender, interpretar y valorar textos de dificultad media.","2.3. Localiza informaciones explícitas e implícitas en un texto de dificultad media, relacionándolas entre sí y secuenciándolas, y deduce valoraciones implícitas.",
"2224","2","Bloque 2: Comunicación escrita: leer y escribir","2. Leer, comprender, interpretar y valorar textos de dificultad media.","2.4. Retiene información y reconoce la idea principal y las ideas secundarias, comprendiendo las relaciones entre ellas.",
"2225","2","Bloque 2: Comunicación escrita: leer y escribir","2. Leer, comprender, interpretar y valorar textos de dificultad media.","2.5. Entiende instrucciones escritas de cierta complejidad que le permiten desenvolverse en situaciones de la vida cotidiana y en los procesos de aprendizaje.",
"2226","2","Bloque 2: Comunicación escrita: leer y escribir","2. Leer, comprender, interpretar y valorar textos de dificultad media.","2.6. Interpreta, explica y deduce la información dada en diagramas, gráficas, fotografías, mapas conceptuales, esquemas?",
"2231","2","Bloque 2: Comunicación escrita: leer y escribir","3. Manifestar una actitud crítica ante la lectura de cualquier tipo de textos u obras literarias de dificultad media, a través de una lectura reflexiva que permita identificar posturas de acuerdo o desacuerdo respetando en todo momento a las personas que ","3.1 Identifica y expresa las posturas de acuerdo y desacuerdo sobre aspectos parciales, o globales, de un texto de mediana dificultad.",
"2232","2","Bloque 2: Comunicación escrita: leer y escribir","3. Manifestar una actitud crítica ante la lectura de cualquier tipo de textos u obras literarias de dificultad media, a través de una lectura reflexiva que permita identificar posturas de acuerdo o desacuerdo respetando en todo momento a las personas que ","3.2. Elabora sobre el significado de un texto su propia interpretación.",
"2233","2","Bloque 2: Comunicación escrita: leer y escribir","3. Manifestar una actitud crítica ante la lectura de cualquier tipo de textos u obras literarias de dificultad media, a través de una lectura reflexiva que permita identificar posturas de acuerdo o desacuerdo respetando en todo momento a las personas que ","3.3. Respeta a las personas cuando expresan sus opiniones.",
"2241","2","Bloque 2: Comunicación escrita: leer y escribir","4. Seleccionar los conocimientos que se obtengan de las bibliotecas o de cualquier otra fuente de información impresa en papel o digital integrándolos en un proceso de aprendizaje continuo.","4.1. Utiliza, de forma autónoma, diversas fuentes de información, integrando progresivamente los conocimientos adquiridos en sus discursos orales o escritos.",
"2242","2","Bloque 2: Comunicación escrita: leer y escribir","4. Seleccionar los conocimientos que se obtengan de las bibliotecas o de cualquier otra fuente de información impresa en papel o digital integrándolos en un proceso de aprendizaje continuo.","4.2. Conoce y maneja habitualmente diccionarios impresos o en versión digital.",
"2243","2","Bloque 2: Comunicación escrita: leer y escribir","4. Seleccionar los conocimientos que se obtengan de las bibliotecas o de cualquier otra fuente de información impresa en papel o digital integrándolos en un proceso de aprendizaje continuo.","4.3. Conoce el funcionamiento de bibliotecas (escolares, locales?), así como de bibliotecas digitales y es capaz de solicitar libros, vídeos? autónomamente.",
"2251","2","Bloque 2: Comunicación escrita: leer y escribir","5. Aplicar progresivamente las estrategias necesarias para producir textos adecuados, coherentes y cohesionados.","5.1. Aplica técnicas diversas para planificar sus escritos: esquemas, mapas conceptuales etc. y redacta borradores de escritura.",
"2252","2","Bloque 2: Comunicación escrita: leer y escribir","5. Aplicar progresivamente las estrategias necesarias para producir textos adecuados, coherentes y cohesionados.","5.2. Escribe textos usando el registro adecuado, organizando las ideas con claridad, enlazando enunciados en secuencias lineales cohesionadas y coherentes, y respetando las normas gramaticales y ortográficas. ",
"2253","2","Bloque 2: Comunicación escrita: leer y escribir","5. Aplicar progresivamente las estrategias necesarias para producir textos adecuados, coherentes y cohesionados.","5.3. Revisa el texto en varias fases para aclarar problemas con el contenido (ideas, estructura, coherencia léxica) o la forma (puntuación, ortografía, tipografía, gramática, cohesión y presentación), evaluando su propia producción escrita o la de sus com",
"2254","2","Bloque 2: Comunicación escrita: leer y escribir","5. Aplicar progresivamente las estrategias necesarias para producir textos adecuados, coherentes y cohesionados.","5.4. Reescribe textos propios y ajenos, aplicando las propuestas de mejora que se deducen de la evaluación de la producción escrita y ajustándose a las normas ortográficas y gramaticales que permiten una comunicación fluida.",
"2261","2","Bloque 2: Comunicación escrita: leer y escribir","6. Escribir textos de mediana dificultad,  relacionados con los ámbitos personal,  académico/escolar y social, utilizando adecuadamente las diferentes formas de elocución.","6.1. Escribe textos, propios o imitando modelos, relacionados con el ámbito personal y familiar, escolar/académico y social.",
"2262","2","Bloque 2: Comunicación escrita: leer y escribir","6. Escribir textos de mediana dificultad,  relacionados con los ámbitos personal,  académico/escolar y social, utilizando adecuadamente las diferentes formas de elocución.","6.2. Escribe, de forma personal o imitando modelos, textos narrativos, descriptivos e instructivos, expositivos, argumentativos y dialogados.",
"2263","2","Bloque 2: Comunicación escrita: leer y escribir","6. Escribir textos de mediana dificultad,  relacionados con los ámbitos personal,  académico/escolar y social, utilizando adecuadamente las diferentes formas de elocución.","6.3. Escribe, de forma personal o imitando modelos, textos argumentativos con diferente organización secuencial, incorporando progresivamente diferentes tipos de argumento imitando textos modelo.",
"2264","2","Bloque 2: Comunicación escrita: leer y escribir","6. Escribir textos de mediana dificultad,  relacionados con los ámbitos personal,  académico/escolar y social, utilizando adecuadamente las diferentes formas de elocución.","6.4. Utiliza diferentes y variados organizadores textuales en las diferentes formas de elocución. ",
"2265","2","Bloque 2: Comunicación escrita: leer y escribir","6. Escribir textos de mediana dificultad,  relacionados con los ámbitos personal,  académico/escolar y social, utilizando adecuadamente las diferentes formas de elocución.","6.5. Resume textos, de dificultad media, globalizando la información e integrándola en oraciones que se relacionen lógica y semánticamente, evitando parafrasear el texto resumido y la repetición léxica.",
"2266","2","Bloque 2: Comunicación escrita: leer y escribir","6. Escribir textos de mediana dificultad,  relacionados con los ámbitos personal,  académico/escolar y social, utilizando adecuadamente las diferentes formas de elocución.","6.6. Realiza esquemas y mapas conceptuales, y explica por escrito el significado de los elementos visuales que pueden aparecer en los textos.",
"2271","2","Bloque 2: Comunicación escrita: leer y escribir","7. Valorar la importancia de la escritura como herramienta de organización del pensamiento, de adquisición de los aprendizajes y como estímulo de la capacidad de razonamiento y del desarrollo personal.","7.1. Produce textos diversos reconociendo en la escritura el instrumento que es capaz de organizar su pensamiento.",
"2272","2","Bloque 2: Comunicación escrita: leer y escribir","7. Valorar la importancia de la escritura como herramienta de organización del pensamiento, de adquisición de los aprendizajes y como estímulo de la capacidad de razonamiento y del desarrollo personal.","7.2. Utiliza en sus escritos palabras propias del nivel formal de la lengua, incorporándolas progresivamente a su repertorio léxico y reconociendo la importancia de enriquecer su vocabulario para expresarse oralmente y por escrito con exactitud y precisió",
"2273","2","Bloque 2: Comunicación escrita: leer y escribir","7. Valorar la importancia de la escritura como herramienta de organización del pensamiento, de adquisición de los aprendizajes y como estímulo de la capacidad de razonamiento y del desarrollo personal.","7.3. Valora e incorpora progresivamente una actitud creativa ante la escritura.",
"2274","2","Bloque 2: Comunicación escrita: leer y escribir","7. Valorar la importancia de la escritura como herramienta de organización del pensamiento, de adquisición de los aprendizajes y como estímulo de la capacidad de razonamiento y del desarrollo personal.","7.4. Conoce y utiliza herramientas de las Tecnologías de la Información y la Comunicación, participando, intercambiando opiniones, comentando y valorando escritos ajenos o escribiendo y dando a conocer los suyos propios.",
"2311","2","Bloque 3: Conocimiento de la lengua","1.  Aplicar los conocimientos sobre la lengua y sus normas de uso para resolver problemas de comprensión de textos orales y escritos y para la composición y revisión progresivamente autónoma de los textos propios y ajenos, utilizando la terminología grama","1.1. Conoce y distingue las categorías gramaticales y sus características flexivas.",
"2312","2","Bloque 3: Conocimiento de la lengua","1.  Aplicar los conocimientos sobre la lengua y sus normas de uso para resolver problemas de comprensión de textos orales y escritos y para la composición y revisión progresivamente autónoma de los textos propios y ajenos, utilizando la terminología grama","1.2. Reconoce y explica el uso de las categorías gramaticales en los textos, utilizando este conocimiento para corregir errores de concordancia en textos propios y ajenos.",
"2313","2","Bloque 3: Conocimiento de la lengua","1.  Aplicar los conocimientos sobre la lengua y sus normas de uso para resolver problemas de comprensión de textos orales y escritos y para la composición y revisión progresivamente autónoma de los textos propios y ajenos, utilizando la terminología grama","1.3. Reconoce y corrige errores ortográficos y gramaticales en textos propios y ajenos, aplicando los conocimientos adquiridos para mejorar su producción de textos verbales.",
"2314","2","Bloque 3: Conocimiento de la lengua","1.  Aplicar los conocimientos sobre la lengua y sus normas de uso para resolver problemas de comprensión de textos orales y escritos y para la composición y revisión progresivamente autónoma de los textos propios y ajenos, utilizando la terminología grama","1.4. Conoce y utiliza adecuadamente las formas verbales en sus producciones orales y escritas.",
"2321","2","Bloque 3: Conocimiento de la lengua","2. Reconocer y analizar la estructura y proceso de formación de las palabras pertenecientes a las distintas categorías gramaticales, distinguiendo las flexivas de las no flexivas.","2.1. Reconoce y explica los elementos constitutivos de la palabra: raíz y afijos, aplicando este conocimiento a la mejora de la comprensión de textos escritos y al enriquecimiento de su vocabulario activo.",
"2322","2","Bloque 3: Conocimiento de la lengua","2. Reconocer y analizar la estructura y proceso de formación de las palabras pertenecientes a las distintas categorías gramaticales, distinguiendo las flexivas de las no flexivas.","2.2. Reconoce y explica los distintos procedimientos de formación de palabras, distinguiendo las compuestas, las derivadas, las siglas y los acrónimos.",
"2331","2","Bloque 3: Conocimiento de la lengua","3. Comprender el significado de las palabras en toda su extensión para reconocer y diferenciar los usos objetivos de los usos subjetivos.","3.1. Diferencia los componentes denotativos y connotativos en el significado de las palabras dentro de un enunciado o un texto oral o escrito.",
"2341","2","Bloque 3: Conocimiento de la lengua","4. Comprender y valorar las relaciones semánticas de semejanza y de contrariedad que se establecen entre las palabras y su uso en el discurso oral y escrito.","4.1. Reconoce, explica y utiliza sinónimos y antónimos de una palabra y su uso concreto en un enunciado o en un texto oral o escrito.",
"2342","2","Bloque 3: Conocimiento de la lengua","4. Comprender y valorar las relaciones semánticas de semejanza y de contrariedad que se establecen entre las palabras y su uso en el discurso oral y escrito.","4.2. Reconoce, explica y utiliza las distintas relaciones semánticas que se establecen entre palabras (polisemia, homonimia, hiperonimia e hiponimia, etc.).",
"2351","2","Bloque 3: Conocimiento de la lengua","5 Reconocer los diferentes cambios de significado que afectan a la palabra en el texto: metáfora, metonimia, palabras tabú y eufemismos.","5.1. Reconoce y explica el uso metafórico y metonímico de las palabras en un enunciado o en un texto oral o escrito.",
"2352","2","Bloque 3: Conocimiento de la lengua","5 Reconocer los diferentes cambios de significado que afectan a la palabra en el texto: metáfora, metonimia, palabras tabú y eufemismos.","5.2. Reconoce y explica los fenómenos contextuales que afectan al significado global de las palabras: tabú y eufemismo.",
"2361","2","Bloque 3: Conocimiento de la lengua","6. Conocer, usar y valorar las normas ortográficas y gramaticales, reconociendo su valor social y la necesidad de ceñirse a ellas para conseguir una comunicación eficaz.","6.1. Conoce, usa y valora las reglas de ortografía: acento gráfico, ortografía de las letras y signos de puntuación.",
"2371","2","Bloque 3: Conocimiento de la lengua","7. Usar de forma efectiva los diccionarios y otras fuentes de consulta, tanto en papel como en formato digital para resolver dudas sobre el uso de la lengua y para enriquecer el propio vocabulario.","7.1. Utiliza fuentes variadas de consulta en formatos diversos para resolver sus dudas sobre el uso de la lengua y para ampliar su vocabulario.",
"2381","2","Bloque 3: Conocimiento de la lengua","8. Observar, reconocer y explicar los usos de los sintagmas o grupos nominales, adjetivales, verbales, preposicionales y adverbiales y de las relaciones que se establecen entre los elementos que los conforman.","8.1. Identifica los diferentes sintagmas o grupos de palabras en enunciados y textos, diferenciando la palabra nuclear del resto de palabras que lo forman y los mecanismos de conexión entre estos y el núcleo. ",
"2382","2","Bloque 3: Conocimiento de la lengua","8. Observar, reconocer y explicar los usos de los sintagmas o grupos nominales, adjetivales, verbales, preposicionales y adverbiales y de las relaciones que se establecen entre los elementos que los conforman.","8.2. Reconoce y explica en los textos el funcionamiento sintáctico del verbo a partir de su significado, distinguiendo los sintagmas o grupos de palabras que pueden funcionar como complementos verbales argumentales y adjuntos nucleares o centrales.",
"2391","2","Bloque 3: Conocimiento de la lengua","9. Reconocer, usar y explicar los elementos constitutivos de la oración simple: sujeto y predicado.","9.1. Reconoce y explica en los textos los elementos constitutivos de la oración simple, diferenciando sujeto y predicado. ",
"2392","2","Bloque 3: Conocimiento de la lengua","9. Reconocer, usar y explicar los elementos constitutivos de la oración simple: sujeto y predicado.","9.2. Amplía oraciones en un texto usando diferentes sintagmas o grupos de palabras, utilizando los nexos adecuados y creando oraciones nuevas con sentido completo.",
"23101","2","Bloque 3: Conocimiento de la lengua","10. Identificar los conectores textuales y los principales mecanismos de referencia interna (tanto gramaticales como léxicos) presentes en los textos reconociendo la función que realizan en la organización del contenido del discurso.","10.1. Reconoce, usa y explica los conectores textuales (de adición, contraste y explicación) y los principales mecanismos de referencia interna, gramaticales (sustituciones pronominales) y léxicos (elipsis y sustituciones mediante sinónimos e hiperónimos)",
"23111","2","Bloque 3: Conocimiento de la lengua","11. Identificar la intención comunicativa de la persona que habla o escribe. ","11.1. Reconoce la expresión de la objetividad o subjetividad, identificando las modalidades asertivas, interrogativas, exclamativas, desiderativas, dubitativas e imperativas en relación con la intención comunicativa del emisor.",
"23112","2","Bloque 3: Conocimiento de la lengua","11. Identificar la intención comunicativa de la persona que habla o escribe. ","11.2. Identifica y usa en textos orales o escritos las formas lingüísticas que hacen referencia al emisor y al receptor, o audiencia: la persona gramatical, el uso de pronombres, etc.",
"23113","2","Bloque 3: Conocimiento de la lengua","11. Identificar la intención comunicativa de la persona que habla o escribe. ","11.3. Explica la diferencia significativa que implica el uso de los tiempos, aspectos y modos verbales.",
"23121","2","Bloque 3: Conocimiento de la lengua","12. Interpretar de forma adecuada los discursos orales y escritos teniendo en cuenta los elementos lingüísticos, las relaciones gramaticales y léxicas, la estructura y disposición de los contenidos en función de la intención comunicativa.","12.1. Reconoce la coherencia y adecuación de un discurso considerando e identificando, mediante sus marcadores lingüísticos, las diferentes intenciones comunicativas del emisor, y reconociendo también la estructura y disposición de los contenidos.",
"23122","2","Bloque 3: Conocimiento de la lengua","12. Interpretar de forma adecuada los discursos orales y escritos teniendo en cuenta los elementos lingüísticos, las relaciones gramaticales y léxicas, la estructura y disposición de los contenidos en función de la intención comunicativa.","12.2. Identifica diferentes estructuras textuales: narración, descripción, exposición y diálogo, explicando los mecanismos lingüísticos que las diferencian y aplicando los conocimientos adquiridos en la producción y mejora de textos propios y ajenos.",
"23131","2","Bloque 3: Conocimiento de la lengua","13. Conocer la realidad plurilingüe de España, la distribución geográfica de sus diferentes lenguas y dialectos, sus orígenes históricos y valorar esta relación como fuente de enriquecimiento personal y como muestra de la riqueza de nuestro patrimonio his","13.1. Localiza en un mapa las distintas lenguas de España y percibe alguna de sus características diferenciales comparando varios textos y reconociendo sus orígenes históricos.",
"2411","2","Bloque 4: Educación literaria","1. Leer obras de la literatura española y universal de todos los tiempos y de la literatura juvenil, cercanas a los propios gustos y aficiones, mostrando interés por la lectura.","1.1. Lee y comprende con un grado creciente de interés y autonomía obras literarias cercanas a sus gustos, aficiones e intereses.",
"2421","2","Bloque 4: Educación literaria","2. Leer y comprender obras literarias de la literatura española y universal de todos los tiempos y de la literatura juvenil, cercanas a los propios gustos y aficiones, contribuyendo a la formación de la personalidad literaria.","2.1. Analiza y valora alguna de las obras de lectura libre, resumiendo el contenido, explicando los aspectos que más le han llamado la atención y lo que la lectura le ha aportado como experiencia personal. ",
"2422","2","Bloque 4: Educación literaria","2. Leer y comprender obras literarias de la literatura española y universal de todos los tiempos y de la literatura juvenil, cercanas a los propios gustos y aficiones, contribuyendo a la formación de la personalidad literaria.","2.2. Desarrolla progresivamente su propio criterio estético persiguiendo como finalidad el placer por la lectura.",
"2431","2","Bloque 4: Educación literaria","3. Reflexionar sobre la conexión entre la literatura y el resto de las artes: música, pintura, cine, etc., como expresión del sentimiento humano, analizando e interrelacionando obras (literarias, musicales, arquitectónicas?), personajes, temas, etc.,  de ","3.1. Desarrolla progresivamente la capacidad de reflexión observando, analizando y explicando la relación existente entre diversas manifestaciones artísticas de todas las épocas (música, pintura, cine?) ",
"2432","2","Bloque 4: Educación literaria","3. Reflexionar sobre la conexión entre la literatura y el resto de las artes: música, pintura, cine, etc., como expresión del sentimiento humano, analizando e interrelacionando obras (literarias, musicales, arquitectónicas?), personajes, temas, etc.,  de ","3.2. Reconoce y comenta la pervivencia o evolución de personajes-tipo, temas y formas a lo largo de diversos periodos histórico/literarios hasta la actualidad.",
"2433","2","Bloque 4: Educación literaria","3. Reflexionar sobre la conexión entre la literatura y el resto de las artes: música, pintura, cine, etc., como expresión del sentimiento humano, analizando e interrelacionando obras (literarias, musicales, arquitectónicas?), personajes, temas, etc.,  de ","3.3 Compara textos literarios y productos culturales de naturaleza no literaria que respondan a un mismo tópico, observando, analizando y explicando los diferentes puntos de vista según el medio, la época o la cultura y valorando y criticando lo que lee, ",
"2441","2","Bloque 4: Educación literaria","4. Cultivar el gusto y el hábito por la lectura en todas sus vertientes: como fuente de acceso al conocimiento y como instrumento de ocio y diversión que permite explorar mundos reales o imaginarios diferentes del propio.","4.1 Lee textos literarios de distintas épocas y lugares, y comprende en ellos la visión del mundo (principios y valores) que expresan.",
"2442","2","Bloque 4: Educación literaria","4. Cultivar el gusto y el hábito por la lectura en todas sus vertientes: como fuente de acceso al conocimiento y como instrumento de ocio y diversión que permite explorar mundos reales o imaginarios diferentes del propio.","4.2. Lee textos literarios y valora en ellos la capacidad de recreación de la realidad y la capacidad imaginativa de creación de mundos de ficción.",
"2443","2","Bloque 4: Educación literaria","4. Cultivar el gusto y el hábito por la lectura en todas sus vertientes: como fuente de acceso al conocimiento y como instrumento de ocio y diversión que permite explorar mundos reales o imaginarios diferentes del propio.","4.3. Habla en clase de los libros y comparte sus impresiones con los compañeros.",
"2444","2","Bloque 4: Educación literaria","4. Cultivar el gusto y el hábito por la lectura en todas sus vertientes: como fuente de acceso al conocimiento y como instrumento de ocio y diversión que permite explorar mundos reales o imaginarios diferentes del propio.","4.4. Trabaja en equipo determinados aspectos de las lecturas propuestas, o seleccionadas por los alumnos, investigando y experimentando de forma progresivamente autónoma.",
"2445","2","Bloque 4: Educación literaria","4. Cultivar el gusto y el hábito por la lectura en todas sus vertientes: como fuente de acceso al conocimiento y como instrumento de ocio y diversión que permite explorar mundos reales o imaginarios diferentes del propio.","4.5. Lee en voz alta, modulando, adecuando la voz, apoyándose en elementos de la comunicación no verbal y potenciando la expresividad verbal.",
"2446","2","Bloque 4: Educación literaria","4. Cultivar el gusto y el hábito por la lectura en todas sus vertientes: como fuente de acceso al conocimiento y como instrumento de ocio y diversión que permite explorar mundos reales o imaginarios diferentes del propio.","4.6. Dramatiza fragmentos literarios breves desarrollando progresivamente la expresión corporal como manifestación de sentimientos y emociones, respetando las producciones de los demás.",
"2451","2","Bloque 4: Educación literaria","5. Comprender textos literarios sencillos, identificando el tema, resumiendo su contenido e interpretando progresivamente algunas peculiaridades del lenguaje literario.","5.1. Lee y comprende una selección de textos literarios, identificando el tema, resumiendo su contenido e interpretando algunas peculiaridades del lenguaje literario.",
"2461","2","Bloque 4: Educación literaria","6. Redactar textos personales de intención literaria siguiendo las convenciones del género, con intención lúdica y creativa.","6.1. Redacta textos personales de intención literaria a partir de modelos dados siguiendo las convenciones del género con intención lúdica y creativa.",
"2462","2","Bloque 4: Educación literaria","6. Redactar textos personales de intención literaria siguiendo las convenciones del género, con intención lúdica y creativa.","6.2. Desarrolla el gusto por la escritura como instrumento de comunicación capaz de analizar y regular sus propios sentimientos.",
"2471","2","Bloque 4: Educación literaria","7. Consultar y citar adecuadamente fuentes de información variadas, para realizar un trabajo académico en soporte papel o digital sobre un tema del currículo de literatura, adoptando un punto de vista crítico y personal y utilizando las tecnologías de la ","7.1. Realiza trabajos académicos en soporte papel o digital sobre algún tema del currículo de literatura.",
"2472","2","Bloque 4: Educación literaria","7. Consultar y citar adecuadamente fuentes de información variadas, para realizar un trabajo académico en soporte papel o digital sobre un tema del currículo de literatura, adoptando un punto de vista crítico y personal y utilizando las tecnologías de la ","7.2. Aporta en sus trabajos escritos u orales conclusiones y puntos de vista personales y críticos sobre las obras literarias estudiadas, expresándose con rigor, claridad y coherencia.",
"2473","2","Bloque 4: Educación literaria","7. Consultar y citar adecuadamente fuentes de información variadas, para realizar un trabajo académico en soporte papel o digital sobre un tema del currículo de literatura, adoptando un punto de vista crítico y personal y utilizando las tecnologías de la ","7.3. Cita adecuadamente las fuentes de información consultadas para la realización de sus trabajos.",
"2474","2","Bloque 4: Educación literaria","7. Consultar y citar adecuadamente fuentes de información variadas, para realizar un trabajo académico en soporte papel o digital sobre un tema del currículo de literatura, adoptando un punto de vista crítico y personal y utilizando las tecnologías de la ","7.4. Utiliza recursos variados de las Tecnologías de la Información y la Comunicación para la realización de sus trabajos académicos.",
"3111","3","Bloque 1: Comunicación oral: escuchar y hablar","1. Comprender, interpretar y valorar textos orales propios de los ámbitos personal, académico/escolar y social. ","1.1. Comprende el sentido global de textos orales propios de los ámbitos personal, escolar/académico y social, identificando la estructura, el tema, la información relevante y la intención comunicativa del hablante.",
"3112","3","Bloque 1: Comunicación oral: escuchar y hablar","1. Comprender, interpretar y valorar textos orales propios de los ámbitos personal, académico/escolar y social. ","1.2. Anticipa ideas e infiere datos del emisor y del contenido del texto, analizando fuentes de procedencia no verbal.",
"3113","3","Bloque 1: Comunicación oral: escuchar y hablar","1. Comprender, interpretar y valorar textos orales propios de los ámbitos personal, académico/escolar y social. ","1.3. Retiene información relevante y extrae informaciones concretas.",
"3114","3","Bloque 1: Comunicación oral: escuchar y hablar","1. Comprender, interpretar y valorar textos orales propios de los ámbitos personal, académico/escolar y social. ","1.4. Sigue e interpreta instrucciones orales respetando su jerarquía.",
"3115","3","Bloque 1: Comunicación oral: escuchar y hablar","1. Comprender, interpretar y valorar textos orales propios de los ámbitos personal, académico/escolar y social. ","1.5. Comprende el sentido global de textos de tipo publicitario, informativo y de opinión procedentes de los medios de comunicación, distinguiendo la información de la persuasión en la publicidad y la información de la opinión en los textos periodísticos,",
"3116","3","Bloque 1: Comunicación oral: escuchar y hablar","1. Comprender, interpretar y valorar textos orales propios de los ámbitos personal, académico/escolar y social. ","1.6. Identifica la idea principal y las secundarias de textos y los resume, de forma clara, recogiendo las ideas más importantes e integrándolas en oraciones que se relacionen lógica y semánticamente.",
"3121","3","Bloque 1: Comunicación oral: escuchar y hablar","2. Comprender, interpretar y valorar textos orales de diferente tipo.","2.1. Comprende el sentido global de textos orales narrativos, descriptivos, instructivos, expositivos, argumentativos y dialogados, identificando la información relevante, determinando el tema y reconociendo la intención comunicativa del hablante, así com",
"3122","3","Bloque 1: Comunicación oral: escuchar y hablar","2. Comprender, interpretar y valorar textos orales de diferente tipo.","2.2. Anticipa ideas e infiere datos del emisor y del contenido del texto analizando fuentes de procedencia no verbal.",
"3123","3","Bloque 1: Comunicación oral: escuchar y hablar","2. Comprender, interpretar y valorar textos orales de diferente tipo.","2.3. Retiene información relevante y extrae informaciones concretas. ",
"3124","3","Bloque 1: Comunicación oral: escuchar y hablar","2. Comprender, interpretar y valorar textos orales de diferente tipo.","2.4. Interpreta y valora aspectos concretos del contenido y de la estructura  de textos narrativos, descriptivos, expositivos, argumentativos, instructivos y dialogados, emitiendo juicios razonados y relacionándolos con conceptos personales para justifica",
"3125","3","Bloque 1: Comunicación oral: escuchar y hablar","2. Comprender, interpretar y valorar textos orales de diferente tipo.","2.5. Utiliza progresivamente los instrumentos adecuados para localizar el significado de palabras o enunciados desconocidos (demanda ayuda, busca en diccionarios, recuerda el contexto en el que aparece?).",
"3126","3","Bloque 1: Comunicación oral: escuchar y hablar","2. Comprender, interpretar y valorar textos orales de diferente tipo.","2.6. Identifica la idea principal y las secundarias de textos narrativos, descriptivos, instructivos, expositivos, argumentativos y dialogados y los resume, de forma clara, recogiendo las ideas más importantes e integrándolas en oraciones que se relacione",
"3131","3","Bloque 1: Comunicación oral: escuchar y hablar","3. Comprender el sentido global de conversaciones espontáneas, coloquios y debates.","3.1. Escucha, observa y explica el sentido global de conversaciones espontáneas, coloquios y debates, identificando la información relevante, determinando el tema y reconociendo la intención comunicativa y la postura de cada participante, así como las dif",
"3132","3","Bloque 1: Comunicación oral: escuchar y hablar","3. Comprender el sentido global de conversaciones espontáneas, coloquios y debates.","3.2. Observa y analiza las intervenciones particulares de cada participante en un debate, teniendo en cuenta el tono empleado, el lenguaje que se utiliza, el contenido y el grado de respeto hacia las personas cuando expresan su opinión.",
"3133","3","Bloque 1: Comunicación oral: escuchar y hablar","3. Comprender el sentido global de conversaciones espontáneas, coloquios y debates.","3.3. Reconoce y asume las reglas de interacción, intervención y cortesía que regulan los debates y cualquier intercambio comunicativo oral.",
"3141","3","Bloque 1: Comunicación oral: escuchar y hablar","4.   Valorar la importancia de la conversación en la vida social practicando actos de habla: contando, describiendo, opinando y dialogando, en situaciones comunicativas propias de la actividad escolar.","4.1. Interviene y valora su participación en actos comunicativos orales propios de la actividad escolar.",
"3151","3","Bloque 1: Comunicación oral: escuchar y hablar","5. Reconocer, interpretar y evaluar progresivamente la claridad expositiva, la adecuación, coherencia y cohesión del discurso en las producciones orales propias y ajenas, así como los aspectos prosódicos y los elementos no verbales (gestos, movimientos, m","5.1. Conoce y aplica el proceso de producción de discursos orales, valorando la claridad expositiva, la adecuación, la cohesión del discurso, así como la coherencia de los contenidos. ",
"3152","3","Bloque 1: Comunicación oral: escuchar y hablar","5. Reconocer, interpretar y evaluar progresivamente la claridad expositiva, la adecuación, coherencia y cohesión del discurso en las producciones orales propias y ajenas, así como los aspectos prosódicos y los elementos no verbales (gestos, movimientos, m","5.2. Reconoce la importancia de los aspectos prosódicos  del lenguaje no verbal y de la gestión de tiempos y empleo de ayudas audiovisuales en cualquier tipo de discurso.",
"3153","3","Bloque 1: Comunicación oral: escuchar y hablar","5. Reconocer, interpretar y evaluar progresivamente la claridad expositiva, la adecuación, coherencia y cohesión del discurso en las producciones orales propias y ajenas, así como los aspectos prosódicos y los elementos no verbales (gestos, movimientos, m","5.3. Reconoce los errores de la producción oral propia y ajena a partir de la práctica habitual de la evaluación y autoevaluación, proponiendo soluciones para mejorarlas.",
"3161","3","Bloque 1: Comunicación oral: escuchar y hablar","6.  Aprender a hablar en público, en situaciones formales e informales, de forma individual o en grupo.","6.1.   Realiza presentaciones orales.",
"3162","3","Bloque 1: Comunicación oral: escuchar y hablar","6.  Aprender a hablar en público, en situaciones formales e informales, de forma individual o en grupo.","6.2. Organiza el contenido y elabora guiones previos a la intervención oral formal, seleccionando la idea central y el momento en el que va a ser presentada a su auditorio, así como las ideas secundarias y ejemplos que van a apoyar su desarrollo. ",
"3163","3","Bloque 1: Comunicación oral: escuchar y hablar","6.  Aprender a hablar en público, en situaciones formales e informales, de forma individual o en grupo.","6.3. Realiza intervenciones no planificadas, dentro del aula, analizando y comparando las similitudes y diferencias entre discursos formales y discursos espontáneos.",
"3164","3","Bloque 1: Comunicación oral: escuchar y hablar","6.  Aprender a hablar en público, en situaciones formales e informales, de forma individual o en grupo.","6.4. Incorpora progresivamente palabras propias del nivel formal de la lengua en sus prácticas orales.",
"3165","3","Bloque 1: Comunicación oral: escuchar y hablar","6.  Aprender a hablar en público, en situaciones formales e informales, de forma individual o en grupo.","6.5. Pronuncia con corrección y claridad, modulando y adaptando su mensaje a la finalidad de la práctica oral.",
"3166","3","Bloque 1: Comunicación oral: escuchar y hablar","6.  Aprender a hablar en público, en situaciones formales e informales, de forma individual o en grupo.","6.6. Evalúa, por medio de guías, las producciones propias y ajenas, mejorando progresivamente sus prácticas discursivas.",
"3171","3","Bloque 1: Comunicación oral: escuchar y hablar","7. Participar y valorar la intervención  en debates, coloquios y conversaciones espontáneas.","7.1. Participa activamente en debates y coloquios escolares, respetando las reglas de interacción, intervención y cortesía que los regulan, manifestando sus opiniones y respetando a los demás cuando expresan su opinión.",
"3172","3","Bloque 1: Comunicación oral: escuchar y hablar","7. Participar y valorar la intervención  en debates, coloquios y conversaciones espontáneas.","7.2. Se ciñe al tema, no divaga y atiende a las instrucciones del moderador en debates y coloquios.",
"3173","3","Bloque 1: Comunicación oral: escuchar y hablar","7. Participar y valorar la intervención  en debates, coloquios y conversaciones espontáneas.","7.3. Evalúa las intervenciones propias y ajenas.",
"3174","3","Bloque 1: Comunicación oral: escuchar y hablar","7. Participar y valorar la intervención  en debates, coloquios y conversaciones espontáneas.","7.4. Respeta las normas de cortesía que deben dirigir las conversaciones orales, ajustándose al turno de palabra, respetando el espacio, gesticulando de forma adecuada, escuchando activamente a los demás y usando fórmulas de saludo y despedida.",
"3181","3","Bloque 1: Comunicación oral: escuchar y hablar","8. Reproducir situaciones reales o imaginarias de comunicación potenciando el desarrollo progresivo de las habilidades sociales, la expresión verbal y no verbal, y la representación de realidades, sentimientos y emociones.","8.1. Dramatiza e improvisa situaciones reales o imaginarias de comunicación.",
"3211","3","Bloque 2: Comunicación escrita: leer y escribir","1. Aplicar estrategias de lectura comprensiva y crítica de textos.","1.1. Pone en práctica diferentes estrategias de lectura en función del objetivo y el tipo de texto.",
"3212","3","Bloque 2: Comunicación escrita: leer y escribir","1. Aplicar estrategias de lectura comprensiva y crítica de textos.","1.2. Comprende el significado de las palabras propias de nivel formal de la lengua incorporándolas a su repertorio léxico.",
"3213","3","Bloque 2: Comunicación escrita: leer y escribir","1. Aplicar estrategias de lectura comprensiva y crítica de textos.","1.3. Relaciona la información explícita e implícita de un texto poniéndola en relación con el contexto.",
"3214","3","Bloque 2: Comunicación escrita: leer y escribir","1. Aplicar estrategias de lectura comprensiva y crítica de textos.","1.4. Deduce la idea principal de un texto y reconoce las ideas secundarias, comprendiendo las relaciones que se establecen entre ellas.  ",
"3215","3","Bloque 2: Comunicación escrita: leer y escribir","1. Aplicar estrategias de lectura comprensiva y crítica de textos.","1.5. Hace inferencias e hipótesis sobre el sentido de un enunciado o de un texto que contenga diferentes matices semánticos y se sirve de ellas para la construcción del significado global y la evaluación crítica.",
"3216","3","Bloque 2: Comunicación escrita: leer y escribir","1. Aplicar estrategias de lectura comprensiva y crítica de textos.","1.6. Evalúa su proceso de comprensión lectora, usando diferentes instrumentos de autoevaluación.",
"3221","3","Bloque 2: Comunicación escrita: leer y escribir","2. Leer, comprender, interpretar y valorar textos.","2.1. Reconoce y expresa el tema y la intención comunicativa de textos escritos propios de los ámbitos personal, familiar, académico/escolar y social (medios de comunicación), identificando la tipología textual seleccionada, la organización del contenido, ",
"3222","3","Bloque 2: Comunicación escrita: leer y escribir","2. Leer, comprender, interpretar y valorar textos.","2.2. Reconoce y expresa el tema y la intención comunicativa de textos narrativos, descriptivos, instructivos, expositivos, argumentativos y dialogados, identificando la tipología textual seleccionada, la organización del contenido y las marcas lingüística",
"3223","3","Bloque 2: Comunicación escrita: leer y escribir","2. Leer, comprender, interpretar y valorar textos.","2.3. Localiza informaciones explícitas e implícitas en un texto, relacionándolas entre sí y secuenciándolas, y deduce valoraciones implícitas.",
"3224","3","Bloque 2: Comunicación escrita: leer y escribir","2. Leer, comprender, interpretar y valorar textos.","2.4. Retiene información y reconoce la idea principal y las ideas secundarias, comprendiendo las relaciones entre ellas.",
"3225","3","Bloque 2: Comunicación escrita: leer y escribir","2. Leer, comprender, interpretar y valorar textos.","2.5. Entiende instrucciones escritas de cierta complejidad que le permiten desenvolverse en situaciones de la vida cotidiana y en los procesos de aprendizaje.",
"3226","3","Bloque 2: Comunicación escrita: leer y escribir","2. Leer, comprender, interpretar y valorar textos.","2.6. Interpreta, explica y deduce la información dada en diagramas, gráficas, fotografías, mapas conceptuales, esquemas?",
"3231","3","Bloque 2: Comunicación escrita: leer y escribir","3. Manifestar una actitud crítica ante la lectura de cualquier tipo de textos u obras literarias a través de una lectura reflexiva que permita identificar posturas de acuerdo o desacuerdo respetando en todo momento a las personas que expresan su opinión.","3.1 Identifica y expresa las posturas de acuerdo y desacuerdo sobre aspectos parciales, o globales, de un texto.",
"3232","3","Bloque 2: Comunicación escrita: leer y escribir","3. Manifestar una actitud crítica ante la lectura de cualquier tipo de textos u obras literarias a través de una lectura reflexiva que permita identificar posturas de acuerdo o desacuerdo respetando en todo momento a las personas que expresan su opinión.","3.2. Elabora sobre el significado de un texto su propia interpretación.",
"3233","3","Bloque 2: Comunicación escrita: leer y escribir","3. Manifestar una actitud crítica ante la lectura de cualquier tipo de textos u obras literarias a través de una lectura reflexiva que permita identificar posturas de acuerdo o desacuerdo respetando en todo momento a las personas que expresan su opinión.","3.3. Respeta a las personas cuando expresan su opinión.",
"3241","3","Bloque 2: Comunicación escrita: leer y escribir","4. Seleccionar los conocimientos que se obtengan de las bibliotecas o de cualquier otra fuente de información impresa en papel o digital integrándolos en un proceso de aprendizaje continuo.","4.1. Utiliza, de forma autónoma, diversas fuentes de información, integrando progresivamente los conocimientos adquiridos en sus discursos orales o escritos.",
"3242","3","Bloque 2: Comunicación escrita: leer y escribir","4. Seleccionar los conocimientos que se obtengan de las bibliotecas o de cualquier otra fuente de información impresa en papel o digital integrándolos en un proceso de aprendizaje continuo.","4.2. Conoce y maneja habitualmente diccionarios impresos o en versión digital.",
"3243","3","Bloque 2: Comunicación escrita: leer y escribir","4. Seleccionar los conocimientos que se obtengan de las bibliotecas o de cualquier otra fuente de información impresa en papel o digital integrándolos en un proceso de aprendizaje continuo.","4.3. Conoce el funcionamiento de bibliotecas (escolares, locales?), así como de bibliotecas digitales y es capaz de solicitar libros, vídeos? autónomamente.",
"3251","3","Bloque 2: Comunicación escrita: leer y escribir","5. Aplicar progresivamente las estrategias necesarias para producir textos adecuados, coherentes y cohesionados.","5.1. Aplica técnicas diversas para planificar sus escritos: esquemas, mapas conceptuales, etc. y redacta borradores de escritura.",
"3252","3","Bloque 2: Comunicación escrita: leer y escribir","5. Aplicar progresivamente las estrategias necesarias para producir textos adecuados, coherentes y cohesionados.","5.2. Escribe textos usando el registro adecuado, organizando las ideas con claridad, enlazando enunciados en secuencias lineales cohesionadas y coherentes y respetando las normas gramaticales y ortográficas.",
"3253","3","Bloque 2: Comunicación escrita: leer y escribir","5. Aplicar progresivamente las estrategias necesarias para producir textos adecuados, coherentes y cohesionados.","5.3. Revisa el texto en varias fases para aclarar problemas con el contenido (ideas, estructura y coherencia léxica) o la forma (puntuación, ortografía, tipografía, gramática, cohesión y presentación) evaluando su propia producción escrita o la de sus com",
"3254","3","Bloque 2: Comunicación escrita: leer y escribir","5. Aplicar progresivamente las estrategias necesarias para producir textos adecuados, coherentes y cohesionados.","5.4. Reescribe textos propios y ajenos, aplicando las propuestas de mejora que se deducen de la evaluación de la producción escrita y ajustándose a las normas ortográficas y gramaticales que permiten una comunicación fluida.",
"3261","3","Bloque 2: Comunicación escrita: leer y escribir","6. Escribir textos relacionados con los ámbitos personal, académico/escolar y social, utilizando adecuadamente las diferentes formas de elocución.","6.1. Escribe textos propios o imitando textos modelo relacionados con los ámbitos personal y familiar, escolar/académico  y social.",
"3262","3","Bloque 2: Comunicación escrita: leer y escribir","6. Escribir textos relacionados con los ámbitos personal, académico/escolar y social, utilizando adecuadamente las diferentes formas de elocución.","6.2. Escribe textos narrativos, descriptivos,  instructivos, expositivos, argumentativos y dialogados de forma personal o imitando textos modelo.",
"3263","3","Bloque 2: Comunicación escrita: leer y escribir","6. Escribir textos relacionados con los ámbitos personal, académico/escolar y social, utilizando adecuadamente las diferentes formas de elocución.","6.3.  Escribe de forma personal o imitando textos modelo textos argumentativos con diferente organización secuencial, incorporando progresivamente diferentes tipos de argumento.",
"3264","3","Bloque 2: Comunicación escrita: leer y escribir","6. Escribir textos relacionados con los ámbitos personal, académico/escolar y social, utilizando adecuadamente las diferentes formas de elocución.","6.4. Utiliza diferentes y variados organizadores textuales en las distintas formas de elocución.",
"3265","3","Bloque 2: Comunicación escrita: leer y escribir","6. Escribir textos relacionados con los ámbitos personal, académico/escolar y social, utilizando adecuadamente las diferentes formas de elocución.","6.5. Resume textos globalizando la información e integrándola en oraciones que se relacionen lógica y semánticamente, evitando parafrasear el texto resumido y la repetición léxica.",
"3266","3","Bloque 2: Comunicación escrita: leer y escribir","6. Escribir textos relacionados con los ámbitos personal, académico/escolar y social, utilizando adecuadamente las diferentes formas de elocución.","6.6. Realiza esquemas y mapas conceptuales, y explica por escrito el significado de los elementos visuales que pueden aparecer en los textos.",
"3271","3","Bloque 2: Comunicación escrita: leer y escribir","7. Valorar la importancia de la escritura como herramienta de organización del pensamiento y de adquisición de los aprendizajes y como estímulo de la capacidad de razonamiento y del desarrollo personal.","7.1. Produce textos diversos reconociendo en la escritura el instrumento que es capaz de organizar su pensamiento.",
"3272","3","Bloque 2: Comunicación escrita: leer y escribir","7. Valorar la importancia de la escritura como herramienta de organización del pensamiento y de adquisición de los aprendizajes y como estímulo de la capacidad de razonamiento y del desarrollo personal.","7.2. Utiliza en sus escritos palabras propias del nivel formal de la lengua, incorporándolas progresivamente a su repertorio léxico y reconociendo la importancia de enriquecer su vocabulario para expresarse oralmente y por escrito con exactitud y precisió",
"3273","3","Bloque 2: Comunicación escrita: leer y escribir","7. Valorar la importancia de la escritura como herramienta de organización del pensamiento y de adquisición de los aprendizajes y como estímulo de la capacidad de razonamiento y del desarrollo personal.","7.3. Valora e incorpora progresivamente una actitud creativa ante la escritura.",
"3274","3","Bloque 2: Comunicación escrita: leer y escribir","7. Valorar la importancia de la escritura como herramienta de organización del pensamiento y de adquisición de los aprendizajes y como estímulo de la capacidad de razonamiento y del desarrollo personal.","7.4. Conoce y utiliza herramientas de las Tecnologías de la Información y la Comunicación, participando, intercambiando opiniones, comentando y valorando escritos ajenos o escribiendo y dando a conocer los suyos propios.",
"3311","3","Bloque 3: Conocimiento de la lengua","1. Aplicar los conocimientos sobre la lengua y sus normas de uso para resolver problemas de comprensión de textos orales y escritos y para la composición y revisión progresivamente autónoma de los textos propios y ajenos, utilizando la terminología gramat","1.1. Conoce y distingue las categorías gramaticales y sus características flexivas.",
"3312","3","Bloque 3: Conocimiento de la lengua","1. Aplicar los conocimientos sobre la lengua y sus normas de uso para resolver problemas de comprensión de textos orales y escritos y para la composición y revisión progresivamente autónoma de los textos propios y ajenos, utilizando la terminología gramat","1.2. Reconoce y explica el uso de las categorías gramaticales en los textos, utilizando este conocimiento para corregir errores de concordancia en textos propios y ajenos.",
"3313","3","Bloque 3: Conocimiento de la lengua","1. Aplicar los conocimientos sobre la lengua y sus normas de uso para resolver problemas de comprensión de textos orales y escritos y para la composición y revisión progresivamente autónoma de los textos propios y ajenos, utilizando la terminología gramat","1.3. Reconoce y corrige errores ortográficos y gramaticales en textos propios y ajenos, aplicando los conocimientos adquiridos para mejorar su producción de textos verbales.",
"3314","3","Bloque 3: Conocimiento de la lengua","1. Aplicar los conocimientos sobre la lengua y sus normas de uso para resolver problemas de comprensión de textos orales y escritos y para la composición y revisión progresivamente autónoma de los textos propios y ajenos, utilizando la terminología gramat","1.4. Conoce y utiliza adecuadamente las formas verbales en sus producciones orales y escritas.",
"3321","3","Bloque 3: Conocimiento de la lengua","2. Reconocer y analizar la estructura y el proceso de formación de las palabras pertenecientes a las distintas categorías gramaticales, distinguiendo las flexivas de las no flexivas.","2.1. Reconoce y explica los elementos constitutivos de la palabra: raíz y afijos, aplicando este conocimiento a la mejora de la comprensión de textos escritos y al enriquecimiento de su vocabulario activo.",
"3322","3","Bloque 3: Conocimiento de la lengua","2. Reconocer y analizar la estructura y el proceso de formación de las palabras pertenecientes a las distintas categorías gramaticales, distinguiendo las flexivas de las no flexivas.","2.2. Reconoce y explica los distintos procedimientos de formación de palabras, distinguiendo las compuestas, las derivadas, las parasintéticas, las siglas y los acrónimos.",
"3331","3","Bloque 3: Conocimiento de la lengua","3. Comprender el significado de las palabras en toda su extensión para reconocer y diferenciar los usos objetivos de los usos subjetivos.","3.1. Diferencia los componentes denotativos y connotativos en el significado de las palabras dentro de un enunciado o un texto oral o escrito.",
"3341","3","Bloque 3: Conocimiento de la lengua","4. Comprender y valorar las relaciones semánticas que se establecen entre las palabras.","4.1. Reconoce, explica y utiliza sinónimos y antónimos de una palabra y su uso concreto en un enunciado o en un texto oral o escrito.",
"3342","3","Bloque 3: Conocimiento de la lengua","4. Comprender y valorar las relaciones semánticas que se establecen entre las palabras.","4.2. Reconoce, explica y utiliza las distintas relaciones semánticas que se establecen entre palabras (polisemia, homonimia, hiperonimia e hiponimia, etc.).",
"3351","3","Bloque 3: Conocimiento de la lengua","5. Reconocer los diferentes cambios de significado que afectan a la palabra en el texto: metáfora, metonimia, palabras tabú y eufemismos.","5.1. Reconoce y explica el uso metafórico y metonímico de las palabras en un enunciado o en un texto oral o escrito.",
"3352","3","Bloque 3: Conocimiento de la lengua","5. Reconocer los diferentes cambios de significado que afectan a la palabra en el texto: metáfora, metonimia, palabras tabú y eufemismos.","5.2. Reconoce y explica los fenómenos contextuales que afectan al significado global de las palabras: tabú y eufemismo.",
"3361","3","Bloque 3: Conocimiento de la lengua","6. Conocer, usar y valorar las normas ortográficas y gramaticales reconociendo su valor social y la necesidad de ceñirse a ellas para conseguir una comunicación eficaz.","6.1.  Conoce, usa y valora las reglas ortográficas: acento gráfico, ortografía de las letras y signos de puntuación.",
"3371","3","Bloque 3: Conocimiento de la lengua","7.  Usar de forma efectiva los diccionarios y otras fuentes de consulta, tanto en papel como en formato digital para resolver dudas sobre el uso de la lengua y para enriquecer el propio vocabulario.","7.1. Utiliza fuentes variadas de consulta en formatos diversos para resolver sus dudas sobre el uso de la lengua y para ampliar su vocabulario.",
"3381","3","Bloque 3: Conocimiento de la lengua","8. Observar, reconocer y explicar los usos de los sintagmas o grupos nominales, adjetivales, verbales, preposicionales y adverbiales dentro del marco de la oración simple.","8.1. Identifica los diferentes sintagmas o grupos de palabras en enunciados y textos, diferenciando la palabra nuclear del resto de palabras que lo forman y los mecanismos de conexión entre estas y el núcleo y explicando su funcionamiento en el marco de l",
"3382","3","Bloque 3: Conocimiento de la lengua","8. Observar, reconocer y explicar los usos de los sintagmas o grupos nominales, adjetivales, verbales, preposicionales y adverbiales dentro del marco de la oración simple.","8.2. Reconoce y explica en los textos el funcionamiento sintáctico del verbo a partir de su significado, distinguiendo los sintagmas o grupos de palabras que pueden funcionar como complementos verbales argumentales y adjuntos nucleares o centrales.",
"3391","3","Bloque 3: Conocimiento de la lengua","9. Reconocer, usar y explicar los elementos constitutivos de la oración simple: sujeto y predicado. Oraciones impersonales, activas y pasivas.","9.1. Reconoce y explica en los textos los elementos constitutivos de la oración simple, diferenciando sujeto y predicado e interpretando la presencia o ausencia del sujeto como una marca de la actitud, objetiva o subjetiva,  del emisor.",
"3392","3","Bloque 3: Conocimiento de la lengua","9. Reconocer, usar y explicar los elementos constitutivos de la oración simple: sujeto y predicado. Oraciones impersonales, activas y pasivas.","9.2. Transforma oraciones activas en pasivas y viceversa, explicando los diferentes papeles semánticos del sujeto: agente, paciente, causa. ",
"3393","3","Bloque 3: Conocimiento de la lengua","9. Reconocer, usar y explicar los elementos constitutivos de la oración simple: sujeto y predicado. Oraciones impersonales, activas y pasivas.","9.3. Amplía oraciones en un texto usando diferentes sintagmas o grupos de palabras, utilizando los nexos adecuados y creando oraciones nuevas con sentido completo.",
"33101","3","Bloque 3: Conocimiento de la lengua","10. Identificar los conectores textuales presentes en los textos y los principales mecanismos de referencia interna, tanto gramaticales como léxicos, reconociendo la función que realizan en la organización del contenido del discurso.","10.1. Reconoce, usa y explica los conectores textuales (de adición, contraste y explicación) y los principales mecanismos de referencia interna, gramaticales (sustituciones pronominales) y léxicos (elipsis y sustituciones mediante sinónimos e hiperónimos)",
"33111","3","Bloque 3: Conocimiento de la lengua","11. Identificar la intención comunicativa de la persona que habla o escribe. ","11.1.  Reconoce la expresión de la objetividad o subjetividad identificando las modalidades asertivas, interrogativas, exclamativas, desiderativas, dubitativas e imperativas en relación con la intención comunicativa del emisor.",
"33112","3","Bloque 3: Conocimiento de la lengua","11. Identificar la intención comunicativa de la persona que habla o escribe. ","11.2.  Identifica y usa en textos orales o escritos las formas lingüísticas que hacen referencia al emisor y al receptor, o audiencia: la persona gramatical, el uso de pronombres, el sujeto agente o paciente, las oraciones impersonales, etc.",
"33113","3","Bloque 3: Conocimiento de la lengua","11. Identificar la intención comunicativa de la persona que habla o escribe. ","11.3.  Explica la diferencia significativa que implica el uso de los tiempos, aspectos y modos verbales.",
"33121","3","Bloque 3: Conocimiento de la lengua","12. Interpretar de forma adecuada los discursos orales y escritos teniendo en cuenta los elementos lingüísticos, las relaciones gramaticales y léxicas, la estructura y disposición de los contenidos en función de la intención comunicativa.","12.1. Reconoce la coherencia y adecuación de un discurso considerando e identificando mediante sus marcadores lingüísticos las diferentes intenciones comunicativas del emisor, reconociendo también la estructura y disposición de contenidos.",
"33122","3","Bloque 3: Conocimiento de la lengua","12. Interpretar de forma adecuada los discursos orales y escritos teniendo en cuenta los elementos lingüísticos, las relaciones gramaticales y léxicas, la estructura y disposición de los contenidos en función de la intención comunicativa.","12.2. Identifica diferentes estructuras textuales: narración, descripción, exposición, argumentación y diálogo explicando los mecanismos lingüísticos que las diferencian y aplicando los conocimientos adquiridos en la producción y mejora de textos propios ",
"33131","3","Bloque 3: Conocimiento de la lengua","13. Conocer la realidad plurilingüe de España y la distribución geográfica de sus diferentes lenguas y dialectos, sus orígenes históricos y algunos de sus rasgos diferenciales y valorar esta realidad como fuente de enriquecimiento personal y como muestra ","13.1. Localiza en un mapa las distintas lenguas de España y explica alguna de sus características diferenciales comparando varios textos, reconociendo sus orígenes históricos y describiendo algunos de sus rasgos diferenciales.",
"33132","3","Bloque 3: Conocimiento de la lengua","13. Conocer la realidad plurilingüe de España y la distribución geográfica de sus diferentes lenguas y dialectos, sus orígenes históricos y algunos de sus rasgos diferenciales y valorar esta realidad como fuente de enriquecimiento personal y como muestra ","13.2. Reconoce las variedades geográficas del castellano dentro de España.",
"33133","3","Bloque 3: Conocimiento de la lengua","13. Conocer la realidad plurilingüe de España y la distribución geográfica de sus diferentes lenguas y dialectos, sus orígenes históricos y algunos de sus rasgos diferenciales y valorar esta realidad como fuente de enriquecimiento personal y como muestra ","13.3. Valora la realidad plurilingüe de España como fuente de enriquecimiento personal y como muestra de la riqueza de nuestro patrimonio histórico y cultural.",
"33141","3","Bloque 3: Conocimiento de la lengua","14. Conocer el origen histórico y evolución del castellano y su expansión en el mundo.","14.1. Conoce el origen histórico del castellano y las principales etapas de su evolución hasta la actualidad.",
"3411","3","Bloque 4: Educación literaria","1. Leer obras de la literatura española y universal de todos los tiempos y de la literatura juvenil, cercanas a los propios gustos y aficiones, mostrando interés por la lectura.","1.1. Lee y comprende con un grado creciente de interés y autonomía obras literarias cercanas a sus gustos, aficiones e intereses.",
"3421","3","Bloque 4: Educación literaria","2. Leer y comprender obras literarias de la literatura española y universal de todos los tiempos y de la literatura juvenil, cercanas a los propios gustos y aficiones, contribuyendo a la formación de la personalidad literaria.","2.1. Analiza y valora alguna de las obras de lectura libre, resumiendo el contenido, explicando los aspectos que más le han llamado la atención y lo que la lectura le ha aportado como experiencia personal. ",
"3422","3","Bloque 4: Educación literaria","2. Leer y comprender obras literarias de la literatura española y universal de todos los tiempos y de la literatura juvenil, cercanas a los propios gustos y aficiones, contribuyendo a la formación de la personalidad literaria.","2.2. Desarrolla progresivamente su propio criterio estético, persiguiendo como finalidad el placer por la lectura.",
"3431","3","Bloque 4: Educación literaria","3. Reflexionar sobre la conexión entre la literatura y el resto de las artes: música, pintura, cine, etc., como expresión del sentimiento humano, analizando e interrelacionando obras (literarias, musicales, arquitectónicas?), personajes,  temas, etc.  de ","3.1. Desarrolla progresivamente la capacidad de reflexión observando, analizando y explicando la relación existente entre diversas manifestaciones artísticas de todas las épocas (música, pintura, cine?) ",
"3432","3","Bloque 4: Educación literaria","3. Reflexionar sobre la conexión entre la literatura y el resto de las artes: música, pintura, cine, etc., como expresión del sentimiento humano, analizando e interrelacionando obras (literarias, musicales, arquitectónicas?), personajes,  temas, etc.  de ","3.2. Reconoce y comenta la pervivencia o evolución  de personajes-tipo, temas y formas a lo largo de diversos periodos histórico/literarios hasta la actualidad.",
"3433","3","Bloque 4: Educación literaria","3. Reflexionar sobre la conexión entre la literatura y el resto de las artes: música, pintura, cine, etc., como expresión del sentimiento humano, analizando e interrelacionando obras (literarias, musicales, arquitectónicas?), personajes,  temas, etc.  de ","3.3. Compara textos literarios y productos culturales que respondan a un mismo tópico, observando, analizando y explicando los diferentes puntos de vista según el medio, la época o la cultura y  valorando y criticando lo que lee, escucha o ve.",
"3441","3","Bloque 4: Educación literaria","4. Cultivar el gusto y el hábito por la lectura en todas sus vertientes: como fuente de acceso al conocimiento y como instrumento de ocio y  diversión que permite explorar mundos, reales o imaginarios, diferentes del propio.","4.1. Lee textos literarios de distintas épocas y lugares, y comprende en ellos la visión del mundo que expresan.",
"3442","3","Bloque 4: Educación literaria","4. Cultivar el gusto y el hábito por la lectura en todas sus vertientes: como fuente de acceso al conocimiento y como instrumento de ocio y  diversión que permite explorar mundos, reales o imaginarios, diferentes del propio.","4.2. Lee textos literarios y valora en ellos la capacidad de recreación de la realidad y la capacidad imaginativa de creación de mundos de ficción.",
"3443","3","Bloque 4: Educación literaria","4. Cultivar el gusto y el hábito por la lectura en todas sus vertientes: como fuente de acceso al conocimiento y como instrumento de ocio y  diversión que permite explorar mundos, reales o imaginarios, diferentes del propio.","4.3. Habla en clase de los libros y comparte sus impresiones con los compañeros.",
"34444","3","Bloque 4: Educación literaria","4. Cultivar el gusto y el hábito por la lectura en todas sus vertientes: como fuente de acceso al conocimiento y como instrumento de ocio y  diversión que permite explorar mundos, reales o imaginarios, diferentes del propio.","4.4. Trabaja en equipo determinados aspectos de las lecturas propuestas, o seleccionadas por los alumnos, investigando y experimentando de forma progresivamente autónoma.",
"3445","3","Bloque 4: Educación literaria","4. Cultivar el gusto y el hábito por la lectura en todas sus vertientes: como fuente de acceso al conocimiento y como instrumento de ocio y  diversión que permite explorar mundos, reales o imaginarios, diferentes del propio.","4.5. Lee en voz alta, modulando, adecuando la voz, apoyándose en  elementos de la comunicación no verbal y potenciando la expresividad verbal.",
"3446","3","Bloque 4: Educación literaria","4. Cultivar el gusto y el hábito por la lectura en todas sus vertientes: como fuente de acceso al conocimiento y como instrumento de ocio y  diversión que permite explorar mundos, reales o imaginarios, diferentes del propio.","4.6. Dramatiza fragmentos literarios breves, desarrollando progresivamente la expresión corporal como manifestación de sentimientos y emociones, respetando las producciones de los demás.",
"3451","3","Bloque 4: Educación literaria","5. Comprender textos literarios representativos de la literatura de la Edad Media al Siglo de Oro reconociendo la intención del autor, relacionando su contenido y su forma con los contextos socioculturales y literarios de la época, identificando el tema, ","5.1. Conoce algunas características propias del lenguaje literario: tópicos, recursos estilísticos, formas métricas.",
"3452","3","Bloque 4: Educación literaria","5. Comprender textos literarios representativos de la literatura de la Edad Media al Siglo de Oro reconociendo la intención del autor, relacionando su contenido y su forma con los contextos socioculturales y literarios de la época, identificando el tema, ","5.2. Conoce las principales tendencias estéticas y los autores y obras más representativas de la literatura española de la Edad Media al Siglo de Oro.",
"3453","3","Bloque 4: Educación literaria","5. Comprender textos literarios representativos de la literatura de la Edad Media al Siglo de Oro reconociendo la intención del autor, relacionando su contenido y su forma con los contextos socioculturales y literarios de la época, identificando el tema, ","5.3. Lee y comprende  una selección de textos literarios, en versión original o adaptados, y representativos de la literatura de la Edad Media al Siglo de Oro, identificando el tema, resumiendo su contenido e interpretando el lenguaje literario.",
"3454","3","Bloque 4: Educación literaria","5. Comprender textos literarios representativos de la literatura de la Edad Media al Siglo de Oro reconociendo la intención del autor, relacionando su contenido y su forma con los contextos socioculturales y literarios de la época, identificando el tema, ","5.4. Expresa la relación que existe entre el contenido de la obra, la intención del autor y el contexto y la pervivencia de temas y formas, emitiendo juicios personales razonados.",
"3461","3","Bloque 4: Educación literaria","6. Redactar textos personales de intención literaria siguiendo las convenciones del género, con intención lúdica y creativa.","6.1. Redacta textos personales de intención literaria a partir de modelos dados, siguiendo las convenciones del género con intención lúdica y creativa.",
"3462","3","Bloque 4: Educación literaria","6. Redactar textos personales de intención literaria siguiendo las convenciones del género, con intención lúdica y creativa.","6.2. Desarrolla el gusto por la escritura como instrumento de comunicación capaz de analizar y  regular sus propios sentimientos.",
"3471","3","Bloque 4: Educación literaria","7. Consultar y citar adecuadamente fuentes de información variadas, para realizar un trabajo académico en soporte papel o digital sobre un tema del currículo de literatura, adoptando un punto de vista crítico y personal y utilizando las tecnologías de la ","7.1. Realiza trabajos académicos en soporte papel o digital sobre algún tema del currículo de literatura.",
"3472","3","Bloque 4: Educación literaria","7. Consultar y citar adecuadamente fuentes de información variadas, para realizar un trabajo académico en soporte papel o digital sobre un tema del currículo de literatura, adoptando un punto de vista crítico y personal y utilizando las tecnologías de la ","7.2. Aporta en sus trabajos escritos u orales conclusiones y puntos de vista personales y críticos sobre las obras literarias estudiadas, expresándose con rigor, claridad y coherencia.",
"3473","3","Bloque 4: Educación literaria","7. Consultar y citar adecuadamente fuentes de información variadas, para realizar un trabajo académico en soporte papel o digital sobre un tema del currículo de literatura, adoptando un punto de vista crítico y personal y utilizando las tecnologías de la ","7.3. Cita adecuadamente las fuentes de información consultadas para la realización de sus trabajos.",
"3474","3","Bloque 4: Educación literaria","7. Consultar y citar adecuadamente fuentes de información variadas, para realizar un trabajo académico en soporte papel o digital sobre un tema del currículo de literatura, adoptando un punto de vista crítico y personal y utilizando las tecnologías de la ","7.4. Utiliza recursos variados de las Tecnologías de la Información y la Comunicación para la realización de sus trabajos académicos.",
"4111","4","Bloque 1: Comunicación oral: escuchar y hablar","1. Comprender, interpretar y valorar textos orales propios de los ámbitos personal, académico, social y laboral. ","1.1. Comprende el sentido global de textos orales propios de los ámbitos personal, académico, social y laboral, identificando la información relevante, determinando el tema y reconociendo la intención comunicativa del hablante.",
"4112","4","Bloque 1: Comunicación oral: escuchar y hablar","1. Comprender, interpretar y valorar textos orales propios de los ámbitos personal, académico, social y laboral. ","1.2. Anticipa ideas e infiere datos del emisor y del contenido del texto, analizando fuentes de procedencia no verbal.",
"4113","4","Bloque 1: Comunicación oral: escuchar y hablar","1. Comprender, interpretar y valorar textos orales propios de los ámbitos personal, académico, social y laboral. ","1.3 Retiene información relevante y extrae informaciones concretas.",
"4114","4","Bloque 1: Comunicación oral: escuchar y hablar","1. Comprender, interpretar y valorar textos orales propios de los ámbitos personal, académico, social y laboral. ","1.4. Distingue las partes en las que se estructuran los mensajes orales y la interrelación entre discurso y contexto. ",
"4115","4","Bloque 1: Comunicación oral: escuchar y hablar","1. Comprender, interpretar y valorar textos orales propios de los ámbitos personal, académico, social y laboral. ","1.5. Distingue entre información y opinión en mensajes procedentes de los medios de comunicación y entre información y persuasión en mensajes publicitarios orales, identificando las estrategias de enfatización y expansión.",
"4116","4","Bloque 1: Comunicación oral: escuchar y hablar","1. Comprender, interpretar y valorar textos orales propios de los ámbitos personal, académico, social y laboral. ","1.6. Sigue e interpreta instrucciones orales.",
"4121","4","Bloque 1: Comunicación oral: escuchar y hablar","2. Comprender, interpretar y valorar textos orales narrativos, descriptivos, instructivos, expositivos, argumentativos y dialogados.","2.1. Comprende el sentido global de textos orales descriptivos, instructivos, expositivos, argumentativos y dialogados, identificando la estructura, la información relevante, determinando el tema y reconociendo la intención comunicativa del hablante y las",
"4122","4","Bloque 1: Comunicación oral: escuchar y hablar","2. Comprender, interpretar y valorar textos orales narrativos, descriptivos, instructivos, expositivos, argumentativos y dialogados.","2.2. Anticipa ideas e infiere datos del emisor y del contenido del texto, analizando fuentes de procedencia no verbal.",
"4123","4","Bloque 1: Comunicación oral: escuchar y hablar","2. Comprender, interpretar y valorar textos orales narrativos, descriptivos, instructivos, expositivos, argumentativos y dialogados.","2.3. Retiene información relevante y extrae informaciones concretas.",
"4124","4","Bloque 1: Comunicación oral: escuchar y hablar","2. Comprender, interpretar y valorar textos orales narrativos, descriptivos, instructivos, expositivos, argumentativos y dialogados.","2.4. Interpreta y valora aspectos concretos del contenido de textos narrativos, descriptivos, instructivos, expositivos, argumentativos y dialogados, emitiendo juicios razonados y relacionándolos con conceptos personales para justificar un punto de vista ",
"4125","4","Bloque 1: Comunicación oral: escuchar y hablar","2. Comprender, interpretar y valorar textos orales narrativos, descriptivos, instructivos, expositivos, argumentativos y dialogados.","2.5 Utiliza progresivamente los instrumentos adecuados para localizar el significado de palabras o enunciados desconocidos (demanda ayuda, busca en diccionarios, recuerda el contexto en el que aparece?).",
"4126","4","Bloque 1: Comunicación oral: escuchar y hablar","2. Comprender, interpretar y valorar textos orales narrativos, descriptivos, instructivos, expositivos, argumentativos y dialogados.","2.6. Identifica la idea principal y las secundarias de textos narrativos, descriptivos, instructivos, expositivos, argumentativos y dialogados y los resume, de forma clara, recogiendo las ideas más importantes e integrándolas en oraciones que se relacione",
"4131","4","Bloque 1: Comunicación oral: escuchar y hablar","3. Comprender el sentido global y la intención de debates, coloquios, entrevistas y conversaciones espontáneas.","3.1. Escucha, observa e interpreta el sentido global de debates, coloquios, entrevistas y conversaciones espontáneas identificando la información relevante, determinando el tema y reconociendo la intención comunicativa y la postura de cada participante, a",
"4132","4","Bloque 1: Comunicación oral: escuchar y hablar","3. Comprender el sentido global y la intención de debates, coloquios, entrevistas y conversaciones espontáneas.","3.2. Reconoce y explica las características del lenguaje conversacional (cooperación, espontaneidad, economía y subjetividad) en las conversaciones espontáneas.",
"4133","4","Bloque 1: Comunicación oral: escuchar y hablar","3. Comprender el sentido global y la intención de debates, coloquios, entrevistas y conversaciones espontáneas.","3.3. Observa y analiza las intervenciones particulares de cada participante en un debate, coloquio, entrevista o conversación espontánea, teniendo en cuenta el tono empleado, el lenguaje que utiliza, el contenido y el grado de respeto hacia las personas q",
"4134","4","Bloque 1: Comunicación oral: escuchar y hablar","3. Comprender el sentido global y la intención de debates, coloquios, entrevistas y conversaciones espontáneas.","3.4 Identifica el propósito, la tesis y los argumentos de los participantes en debates, coloquios, tertulias y entrevistas procedentes de los medios de comunicación audiovisual, valorando de forma crítica aspectos concretos de su forma y su contenido.",
"4135","4","Bloque 1: Comunicación oral: escuchar y hablar","3. Comprender el sentido global y la intención de debates, coloquios, entrevistas y conversaciones espontáneas.","3.5. Reconoce y asume las reglas de interacción, intervención y cortesía que regulan los debates y cualquier intercambio comunicativo oral.",
"4141","4","Bloque 1: Comunicación oral: escuchar y hablar","4. Reconocer, interpretar y evaluar progresivamente las producciones orales propias y ajenas, así como los aspectos prosódicos y los elementos no verbales (gestos, movimientos, mirada?).","4.1. Conoce el proceso de producción de discursos orales valorando la claridad expositiva, la adecuación, la cohesión del discurso y la coherencia de los contenidos.",
"4142","4","Bloque 1: Comunicación oral: escuchar y hablar","4. Reconocer, interpretar y evaluar progresivamente las producciones orales propias y ajenas, así como los aspectos prosódicos y los elementos no verbales (gestos, movimientos, mirada?).","4.2. Reconoce la importancia de los aspectos prosódicos (entonación, pausas, tono, timbre, volumen?), de los elementos no verbales (mirada, posicionamiento, lenguaje corporal, etc.), de la gestión de tiempos y del empleo de ayudas audiovisuales en cualqui",
"4143","4","Bloque 1: Comunicación oral: escuchar y hablar","4. Reconocer, interpretar y evaluar progresivamente las producciones orales propias y ajenas, así como los aspectos prosódicos y los elementos no verbales (gestos, movimientos, mirada?).","4.3. Reconoce los errores de la producción oral propia y ajena, a partir de la práctica habitual de la evaluación y autoevaluación, proponiendo soluciones para mejorar la expresión oral.",
"4151","4","Bloque 1: Comunicación oral: escuchar y hablar","5. Valorar la lengua oral como instrumento de aprendizaje, como medio para transmitir conocimientos, ideas y sentimientos y como herramienta para regular la conducta.","5.1. Utiliza y valora la lengua como medio para adquirir, procesar y transmitir nuevos conocimientos; para expresar ideas y sentimientos, y para regular la conducta.",
"4161","4","Bloque 1: Comunicación oral: escuchar y hablar","6. Aprender a hablar en público, en situaciones formales o informales, de forma individual o en grupo. ","6.1. Realiza presentaciones orales de forma individual o en grupo, planificando el proceso de oralidad, organizando el contenido, consultando fuentes de información diversas, gestionando el tiempo y transmitiendo la información de forma coherente con la a",
"4162","4","Bloque 1: Comunicación oral: escuchar y hablar","6. Aprender a hablar en público, en situaciones formales o informales, de forma individual o en grupo. ","6.2. Realiza intervenciones no planificadas, dentro del aula, analizando y comparando las similitudes y diferencias entre discursos formales y discursos espontáneos.",
"4163","4","Bloque 1: Comunicación oral: escuchar y hablar","6. Aprender a hablar en público, en situaciones formales o informales, de forma individual o en grupo. ","6.3. Incorpora progresivamente palabras propias del nivel formal de la lengua en sus prácticas orales.",
"4164","4","Bloque 1: Comunicación oral: escuchar y hablar","6. Aprender a hablar en público, en situaciones formales o informales, de forma individual o en grupo. ","6.4. Pronuncia con corrección y claridad, modulando y adaptando su mensaje a la finalidad de la práctica oral.",
"4165","4","Bloque 1: Comunicación oral: escuchar y hablar","6. Aprender a hablar en público, en situaciones formales o informales, de forma individual o en grupo. ","6.5. Resume oralmente exposiciones, argumentaciones e intervenciones públicas, recogiendo la idea principal y las ideas secundarias e integrando la información en oraciones que se relacionen lógica y semánticamente.",
"4166","4","Bloque 1: Comunicación oral: escuchar y hablar","6. Aprender a hablar en público, en situaciones formales o informales, de forma individual o en grupo. ","6.6. Aplica los conocimientos gramaticales a la evaluación y mejora de la expresión oral, reconociendo en exposiciones orales propias o ajenas las dificultades expresivas: incoherencias, repeticiones, ambigüedades, impropiedades léxicas, pobreza y repetic",
"4171","4","Bloque 1: Comunicación oral: escuchar y hablar","7. Conocer, comparar, usar y valorar las normas de cortesía en las intervenciones orales propias de la actividad académica, tanto espontáneas como planificadas, y en las prácticas discursivas orales propias de los medios de comunicación. ","7.1. Conoce, valora y aplica las normas que rigen la cortesía en la comunicación oral.",
"4172","4","Bloque 1: Comunicación oral: escuchar y hablar","7. Conocer, comparar, usar y valorar las normas de cortesía en las intervenciones orales propias de la actividad académica, tanto espontáneas como planificadas, y en las prácticas discursivas orales propias de los medios de comunicación. ","7.2. Analiza críticamente debates y tertulias procedentes de los medios de comunicación, reconociendo en ellos el grado de validez de los argumentos y valorando críticamente su forma y su contenido.",
"4173","4","Bloque 1: Comunicación oral: escuchar y hablar","7. Conocer, comparar, usar y valorar las normas de cortesía en las intervenciones orales propias de la actividad académica, tanto espontáneas como planificadas, y en las prácticas discursivas orales propias de los medios de comunicación. ","7.3. Participa activamente en los debates escolares, respetando las reglas de intervención, interacción y cortesía que los regulan, utilizando un lenguaje no discriminatorio.",
"4211","4","Bloque 2: Comunicación escrita: leer y escribir","1. Aplicar diferentes estrategias de lectura comprensiva y crítica de textos.","1.1. Comprende textos de diversa índole poniendo en práctica diferentes estrategias de lectura y autoevaluación de su comprensión en función del objetivo y el tipo de texto, actualizando conocimientos previos, proponiendo soluciones para mejorar los error",
"4212","4","Bloque 2: Comunicación escrita: leer y escribir","1. Aplicar diferentes estrategias de lectura comprensiva y crítica de textos.","1.2. Localiza, relaciona y secuencia las informaciones explícitas de los textos.",
"4213","4","Bloque 2: Comunicación escrita: leer y escribir","1. Aplicar diferentes estrategias de lectura comprensiva y crítica de textos.","1.3. Infiere la información relevante de los textos, identificando la idea principal y las ideas secundarias y estableciendo relaciones entre ellas.",
"4214","4","Bloque 2: Comunicación escrita: leer y escribir","1. Aplicar diferentes estrategias de lectura comprensiva y crítica de textos.","1.4. Construye el significado global de un texto o de alguno de sus enunciados demostrando una comprensión plena y detallada del mismo.",
"4215","4","Bloque 2: Comunicación escrita: leer y escribir","1. Aplicar diferentes estrategias de lectura comprensiva y crítica de textos.","1.5. Establece conexiones entre un texto y su contexto, razonando su integración y evaluando críticamente la relación entre ambos, y propone hipótesis sobre cuál es el contexto cuando este se desconoce previamente.",
"4216","4","Bloque 2: Comunicación escrita: leer y escribir","1. Aplicar diferentes estrategias de lectura comprensiva y crítica de textos.","1.6. Comprende el significado de las palabras propias del nivel culto de la lengua incorporándolas a su repertorio léxico y reconociendo la importancia de enriquecer su vocabulario para expresarse con exactitud y precisión.",
"4221","4","Bloque 2: Comunicación escrita: leer y escribir","2. Leer, comprender, interpretar y valorar textos.","2.1. Reconoce y expresa el tema, la idea principal y las secundarias,  la estructura  y la intención comunicativa de textos escritos propios de los ámbitos personal, académico, social, laboral e institucional, identificando la tipología textual selecciona",
"4222","4","Bloque 2: Comunicación escrita: leer y escribir","2. Leer, comprender, interpretar y valorar textos.","2.2. Identifica los rasgos diferenciales de los distintos géneros periodísticos informativos, de opinión y mixtos: noticias, reportajes, entrevistas, editoriales, artículos, columnas, cartas al director, noticias comentario, crónicas y críticas.",
"4223","4","Bloque 2: Comunicación escrita: leer y escribir","2. Leer, comprender, interpretar y valorar textos.","2.3. Comprende y explica los elementos verbales y no verbales, y la intención comunicativa de un texto publicitario.",
"4224","4","Bloque 2: Comunicación escrita: leer y escribir","2. Leer, comprender, interpretar y valorar textos.","2.4. Localiza informaciones explícitas en un texto secuenciándolas y relacionándolas entre sí y con el contexto, e infiere informaciones o valoraciones implícitas.",
"4225","4","Bloque 2: Comunicación escrita: leer y escribir","2. Leer, comprender, interpretar y valorar textos.","2.5. Interpreta el sentido de palabras, expresiones, enunciados o pequeños fragmentos extraídos de un texto, en función de su sentido global.",
"4226","4","Bloque 2: Comunicación escrita: leer y escribir","2. Leer, comprender, interpretar y valorar textos.","2.6. Interpreta, explica y deduce la información dada en esquemas, mapas conceptuales, diagramas, gráficas, fotografías?",
"4231","4","Bloque 2: Comunicación escrita: leer y escribir","3. Manifestar una actitud crítica ante la lectura de cualquier tipo de textos u obras literarias a través de una lectura reflexiva que permita identificar posturas de acuerdo o desacuerdo, respetando en todo momento a las personas que expresan su opinión ","3.1 Identifica y expresa las posturas de acuerdo y desacuerdo sobre aspectos parciales o globales de un texto.",
"4232","4","Bloque 2: Comunicación escrita: leer y escribir","3. Manifestar una actitud crítica ante la lectura de cualquier tipo de textos u obras literarias a través de una lectura reflexiva que permita identificar posturas de acuerdo o desacuerdo, respetando en todo momento a las personas que expresan su opinión ","3.2 Elabora su propia interpretación sobre el significado de un texto.",
"4233","4","Bloque 2: Comunicación escrita: leer y escribir","3. Manifestar una actitud crítica ante la lectura de cualquier tipo de textos u obras literarias a través de una lectura reflexiva que permita identificar posturas de acuerdo o desacuerdo, respetando en todo momento a las personas que expresan su opinión ","3.3 Respeta a las personas que expresan su opinión en los textos.",
"4241","4","Bloque 2: Comunicación escrita: leer y escribir","4. Seleccionar los conocimientos que se obtengan de las bibliotecas o de cualquier otra fuente de información impresa en papel o digital, integrándolos en un proceso de aprendizaje continuo. ","4.1. Utiliza, de forma autónoma, diversas fuentes de información integrando los conocimientos adquiridos en sus discursos orales o escritos.",
"4242","4","Bloque 2: Comunicación escrita: leer y escribir","4. Seleccionar los conocimientos que se obtengan de las bibliotecas o de cualquier otra fuente de información impresa en papel o digital, integrándolos en un proceso de aprendizaje continuo. ","4.2. Conoce y maneja habitualmente diccionarios impresos o en versión digital, diccionarios de dudas e irregularidades de la lengua, etc.",
"4243","4","Bloque 2: Comunicación escrita: leer y escribir","4. Seleccionar los conocimientos que se obtengan de las bibliotecas o de cualquier otra fuente de información impresa en papel o digital, integrándolos en un proceso de aprendizaje continuo. ","4.3. Conoce el funcionamiento de bibliotecas tradicionales y digitales, y es capaz de solicitar libros, vídeos? autónomamente.",
"4251","4","Bloque 2: Comunicación escrita: leer y escribir","5. Aplicar progresivamente las estrategias necesarias para producir textos adecuados, coherentes y cohesionados.","5.1. Aplica técnicas diversas para planificar sus escritos (esquemas, mapas conceptuales, etc.) y redacta borradores de escritura.",
"4252","4","Bloque 2: Comunicación escrita: leer y escribir","5. Aplicar progresivamente las estrategias necesarias para producir textos adecuados, coherentes y cohesionados.","5.2. Escribe textos en diferentes soportes  usando el registro adecuado, organizando las ideas con coherencia y claridad, enlazando enunciados en secuencias lineales cohesionadas y respetando las normas gramaticales y ortográficas. ",
"4253","4","Bloque 2: Comunicación escrita: leer y escribir","5. Aplicar progresivamente las estrategias necesarias para producir textos adecuados, coherentes y cohesionados.","5.3. Revisa el texto en varias fases para detectar y corregir problemas con el contenido (ideas, estructura?) o la forma (puntuación, ortografía, tipografía, gramática, cohesión y presentación). ",
"4254","4","Bloque 2: Comunicación escrita: leer y escribir","5. Aplicar progresivamente las estrategias necesarias para producir textos adecuados, coherentes y cohesionados.","5.4. Evalúa, utilizando guías, su propia producción escrita, así como la producción escrita de sus compañeros.",
"4255","4","Bloque 2: Comunicación escrita: leer y escribir","5. Aplicar progresivamente las estrategias necesarias para producir textos adecuados, coherentes y cohesionados.","5.5. Reescribe textos propios y ajenos, aplicando las propuestas de mejora que se deducen de la evaluación de la producción escrita.",
"4261","4","Bloque 2: Comunicación escrita: leer y escribir","6. Escribir textos relacionados con los ámbitos personal, académico, social y laboral, utilizando adecuadamente las diferentes formas de elocución. ","6.1. Redacta con claridad y corrección textos propios de los ámbitos personal, académico, social y laboral.",
"4262","4","Bloque 2: Comunicación escrita: leer y escribir","6. Escribir textos relacionados con los ámbitos personal, académico, social y laboral, utilizando adecuadamente las diferentes formas de elocución. ","6.2. Redacta  con claridad y corrección textos narrativos, descriptivos, instructivos, expositivos, argumentativos y dialogados, respetando los rasgos propios de la tipología seleccionada.",
"4263","4","Bloque 2: Comunicación escrita: leer y escribir","6. Escribir textos relacionados con los ámbitos personal, académico, social y laboral, utilizando adecuadamente las diferentes formas de elocución. ","6.3. Utiliza con precisión diferentes y variados conectores textuales en sus escritos. ",
"4264","4","Bloque 2: Comunicación escrita: leer y escribir","6. Escribir textos relacionados con los ámbitos personal, académico, social y laboral, utilizando adecuadamente las diferentes formas de elocución. ","6.4. Resume el contenido de todo tipo de textos, recogiendo las ideas más importantes y expresándolas con coherencia y cohesión y con un estilo propio, evitando reproducir literalmente las palabras del texto.",
"4265","4","Bloque 2: Comunicación escrita: leer y escribir","6. Escribir textos relacionados con los ámbitos personal, académico, social y laboral, utilizando adecuadamente las diferentes formas de elocución. ","6.5. Realiza esquemas y mapas conceptuales que estructuren el contenido de los textos trabajados.",
"4266","4","Bloque 2: Comunicación escrita: leer y escribir","6. Escribir textos relacionados con los ámbitos personal, académico, social y laboral, utilizando adecuadamente las diferentes formas de elocución. ","6.6. Explica por escrito el significado de los elementos visuales que puedan aparecer en los textos: gráficas, imágenes, etc.",
"4271","4","Bloque 2: Comunicación escrita: leer y escribir","7. Valorar la importancia de la lectura y la escritura como herramientas de organización del pensamiento y de adquisición de los aprendizajes y como estímulo de la capacidad de razonamiento y del desarrollo personal. ","7.1. Produce textos diversos reconociendo la escritura como el instrumento organizador de su pensamiento.",
"4272","4","Bloque 2: Comunicación escrita: leer y escribir","7. Valorar la importancia de la lectura y la escritura como herramientas de organización del pensamiento y de adquisición de los aprendizajes y como estímulo de la capacidad de razonamiento y del desarrollo personal. ","7.2. Utiliza en sus escritos palabras propias del nivel formal de la lengua, incorporándolas a su repertorio léxico y reconociendo la importancia de enriquecer su vocabulario para expresarse oralmente y por escrito con exactitud y precisión.",
"4273","4","Bloque 2: Comunicación escrita: leer y escribir","7. Valorar la importancia de la lectura y la escritura como herramientas de organización del pensamiento y de adquisición de los aprendizajes y como estímulo de la capacidad de razonamiento y del desarrollo personal. ","7.3. Valora e incorpora progresivamente una actitud creativa ante la lectura y la escritura.",
"4274","4","Bloque 2: Comunicación escrita: leer y escribir","7. Valorar la importancia de la lectura y la escritura como herramientas de organización del pensamiento y de adquisición de los aprendizajes y como estímulo de la capacidad de razonamiento y del desarrollo personal. ","7.4. Conoce y utiliza herramientas de las Tecnologías de la Información y la Comunicación, participando, intercambiando opiniones, comentando y valorando escritos ajenos o escribiendo y dando a conocer los suyos propios.",
"4311","4","Bloque 3: Conocimiento de la lengua","1. Reconocer y explicar los valores expresivos que adquieren determinadas categorías gramaticales en relación con la intención comunicativa del texto donde aparecen, con especial atención a adjetivos, determinantes y pronombres.","1.1. Explica los valores expresivos que adquieren algunos adjetivos, determinantes y pronombres en relación con la intención comunicativa del texto donde aparecen.",
"4321","4","Bloque 3: Conocimiento de la lengua","2. Reconocer y explicar los valores expresivos que adquieren las formas verbales en relación con la intención comunicativa del texto donde aparecen.","2.1. Reconoce y explica los valores expresivos que adquieren las formas verbales en relación con la intención comunicativa del texto donde aparecen.",
"4331","4","Bloque 3: Conocimiento de la lengua","3. Reconocer y explicar el significado de los principales prefijos y sufijos y sus posibilidades de combinación para crear nuevas palabras, identificando aquellos que proceden del latín y del griego.","3.1. Reconoce y explica los distintos procedimientos para la formación de palabras nuevas precisando el valor significativo de los prefijos y sufijos.",
"4332","4","Bloque 3: Conocimiento de la lengua","3. Reconocer y explicar el significado de los principales prefijos y sufijos y sus posibilidades de combinación para crear nuevas palabras, identificando aquellos que proceden del latín y del griego.","3.2. Forma sustantivos, adjetivos, verbos y adverbios a partir de diferentes categorías gramaticales, utilizando distintos procedimientos lingüísticos.",
"4333","4","Bloque 3: Conocimiento de la lengua","3. Reconocer y explicar el significado de los principales prefijos y sufijos y sus posibilidades de combinación para crear nuevas palabras, identificando aquellos que proceden del latín y del griego.","3.3. Conoce la aportación semántica de los principales prefijos y sufijos de origen grecolatino, utilizándola para deducir el significado de palabras desconocidas.",
"4341","4","Bloque 3: Conocimiento de la lengua","4. Identificar los distintos niveles de significación de palabras o expresiones en función de la intención comunicativa del discurso oral o escrito donde aparecen","4.1. Explica todos los valores expresivos de las palabras que guardan relación con la intención comunicativa del texto donde aparecen.",
"4342","4","Bloque 3: Conocimiento de la lengua","4. Identificar los distintos niveles de significación de palabras o expresiones en función de la intención comunicativa del discurso oral o escrito donde aparecen","4.2. Explica con precisión el significado de palabras, usando la acepción adecuada en relación con el contexto en el que aparecen.",
"4351","4","Bloque 3: Conocimiento de la lengua","5. Usar correcta y eficazmente los diccionarios y otras fuentes de consulta, tanto en papel como en formato digital, para resolver dudas sobre el uso correcto de la lengua y para progresar en el aprendizaje autónomo.","5.1. Utiliza los diccionarios y otras fuentes de consulta en papel y formato digital, resolviendo eficazmente sus dudas sobre el uso correcto de la lengua y progresando en el aprendizaje autónomo.",
"4361","4","Bloque 3: Conocimiento de la lengua","6. Explicar, analizar y describir los rasgos que determinan los límites oracionales para reconocer la estructura de las oraciones simples y compuestas. ","6.1. Transforma y amplía oraciones simples en oraciones compuestas usando conectores y otros procedimientos de sustitución para evitar repeticiones.",
"4362","4","Bloque 3: Conocimiento de la lengua","6. Explicar, analizar y describir los rasgos que determinan los límites oracionales para reconocer la estructura de las oraciones simples y compuestas. ","6.2. Reconoce la palabra nuclear que organiza sintáctica y semánticamente un enunciado, así como los elementos que se agrupan en torno a ella.",
"4363","4","Bloque 3: Conocimiento de la lengua","6. Explicar, analizar y describir los rasgos que determinan los límites oracionales para reconocer la estructura de las oraciones simples y compuestas. ","6.3. Reconoce la equivalencia semántica y funcional entre el adjetivo, el sustantivo y algunos adverbios, y oraciones de relativo, sustantivas y adverbiales respectivamente, transformando adjetivos, sustantivos y adverbios en oraciones subordinadas, e ins",
"4364","4","Bloque 3: Conocimiento de la lengua","6. Explicar, analizar y describir los rasgos que determinan los límites oracionales para reconocer la estructura de las oraciones simples y compuestas. ","6.4. Analiza sintácticamente oraciones simples y compuestas.",
"4365","4","Bloque 3: Conocimiento de la lengua","6. Explicar, analizar y describir los rasgos que determinan los límites oracionales para reconocer la estructura de las oraciones simples y compuestas. ","6.5. Utiliza de forma autónoma textos de la vida cotidiana para la observación, reflexión y explicación sintáctica.",
"4371","4","Bloque 3: Conocimiento de la lengua","7. Aplicar los conocimientos sobre la lengua para resolver problemas de comprensión y expresión de textos orales y escritos, y para la revisión progresivamente autónoma de los textos propios y ajenos.","7.1. Revisa textos orales y escritos, propios y ajenos, aplicando correctamente las normas lingüísticas (ortográficas, gramaticales, etc.), y reconociendo su valor social para obtener una comunicación eficiente.",
"4381","4","Bloque 3: Conocimiento de la lengua","8. Identificar y explicar las características de los diferentes géneros textuales con especial atención a las estructuras expositivas y argumentativas para utilizarlas en sus producciones orales y escritas. ","8.1. Identifica y explica las características de los diferentes géneros textuales, con especial atención a las estructuras expositivas y argumentativas, utilizándolas en las propias producciones orales y escritas.",
"4382","4","Bloque 3: Conocimiento de la lengua","8. Identificar y explicar las características de los diferentes géneros textuales con especial atención a las estructuras expositivas y argumentativas para utilizarlas en sus producciones orales y escritas. ","8.2. Conoce los elementos de la situación comunicativa que determinan los diversos usos lingüísticos: tema, propósito, destinatario, género textual, etc.",
"4383","4","Bloque 3: Conocimiento de la lengua","8. Identificar y explicar las características de los diferentes géneros textuales con especial atención a las estructuras expositivas y argumentativas para utilizarlas en sus producciones orales y escritas. ","8.3. Describe los rasgos lingüísticos más sobresalientes de textos con distintas formas de elocución, con especial atención a los expositivos y argumentativos relacionándolos con la intención comunicativa y el contexto en el que se producen.",
"4384","4","Bloque 3: Conocimiento de la lengua","8. Identificar y explicar las características de los diferentes géneros textuales con especial atención a las estructuras expositivas y argumentativas para utilizarlas en sus producciones orales y escritas. ","8.4. Reconoce en un texto, y utiliza en las producciones propias, los distintos procedimientos lingüísticos para la expresión de la subjetividad.",
"4391","4","Bloque 3: Conocimiento de la lengua","9. Reconocer en textos de diversa índole y usar en las producciones propias orales y escritas los diferentes conectores textuales y los principales mecanismos de referencia interna, tanto gramaticales como léxicos.","9.1. Reconoce y utiliza la sustitución léxica como un procedimiento de coherencia textual.",
"4392","4","Bloque 3: Conocimiento de la lengua","9. Reconocer en textos de diversa índole y usar en las producciones propias orales y escritas los diferentes conectores textuales y los principales mecanismos de referencia interna, tanto gramaticales como léxicos.","9.2. Identifica, explica y usa distintos tipos de conectores (causa, consecuencia, condición e hipótesis, etc.), así como los mecanismos de referencia interna, tanto gramaticales (sustituciones pronominales) como léxicos (elipsis y sustituciones mediante ",
"43101","4","Bloque 3: Conocimiento de la lengua","10. Reconocer y utilizar los diferentes registros lingüísticos en función de los ámbitos sociales, valorando la importancia de utilizar el registro adecuado a cada momento.","10.1. Reconoce los registros lingüísticos en textos orales o escritos en función de sus características lingüísticas, de la intención comunicativa y de su uso social.",
"43102","4","Bloque 3: Conocimiento de la lengua","10. Reconocer y utilizar los diferentes registros lingüísticos en función de los ámbitos sociales, valorando la importancia de utilizar el registro adecuado a cada momento.","10.2. Analiza y valora la importancia de utilizar el registro adecuado a cada situación comunicativa y lo aplica en sus discursos orales y escritos.",
"4411","4","Bloque 4: Educación literaria","1. Leer y comprender obras literarias de la literatura española y universal de todos los tiempos y de la literatura juvenil.","1.1. Lee y comprende con un grado creciente de interés y autonomía obras literarias cercanas a sus gustos y aficiones.",
"4412","4","Bloque 4: Educación literaria","1. Leer y comprender obras literarias de la literatura española y universal de todos los tiempos y de la literatura juvenil.","1.2. Valora alguna de las obras de lectura libre, resumiendo el contenido, explicando los aspectos que más le han llamado la atención y lo que la lectura le ha aportado como experiencia personal. ",
"4413","4","Bloque 4: Educación literaria","1. Leer y comprender obras literarias de la literatura española y universal de todos los tiempos y de la literatura juvenil.","1.3. Desarrolla progresivamente su propio criterio estético persiguiendo como finalidad el placer por la lectura.",
"4421","4","Bloque 4: Educación literaria","2. Reflexionar sobre la conexión entre la literatura y el resto de las artes. ","2.1. Desarrolla progresivamente la capacidad de reflexión observando, analizando y explicando la relación existente entre diversas manifestaciones artísticas de todas las épocas (música, pintura, cine?).",
"4422","4","Bloque 4: Educación literaria","2. Reflexionar sobre la conexión entre la literatura y el resto de las artes. ","2.2 Reconoce y comenta la pervivencia o evolución de personajes-tipo, temas y formas a lo largo de los diversos periodos histórico/literarios hasta la actualidad.",
"4423","4","Bloque 4: Educación literaria","2. Reflexionar sobre la conexión entre la literatura y el resto de las artes. ","2.3 Compara textos literarios y productos culturales que respondan a un mismo tópico, observando, analizando y explicando los diferentes puntos de vista según el medio, la época o la cultura, y valorando y criticando lo que lee, escucha o ve.",
"4431","4","Bloque 4: Educación literaria","3. Cultivar el gusto y el hábito por la lectura en todas sus vertientes: como fuente de acceso al conocimiento y como instrumento de ocio y diversión que permite explorar mundos, reales o imaginarios, diferentes del propio.","3.1. Lee textos literarios de distintas épocas y lugares, y comprende en ellos la visión del mundo que expresan.",
"4432","4","Bloque 4: Educación literaria","3. Cultivar el gusto y el hábito por la lectura en todas sus vertientes: como fuente de acceso al conocimiento y como instrumento de ocio y diversión que permite explorar mundos, reales o imaginarios, diferentes del propio.","3.2. Lee textos literarios y valora en ellos la capacidad de recreación de la realidad y la capacidad imaginativa de creación de mundos de ficción.",
"4433","4","Bloque 4: Educación literaria","3. Cultivar el gusto y el hábito por la lectura en todas sus vertientes: como fuente de acceso al conocimiento y como instrumento de ocio y diversión que permite explorar mundos, reales o imaginarios, diferentes del propio.","3.3. Habla en clase de los libros y comparte sus impresiones con los compañeros.",
"4434","4","Bloque 4: Educación literaria","3. Cultivar el gusto y el hábito por la lectura en todas sus vertientes: como fuente de acceso al conocimiento y como instrumento de ocio y diversión que permite explorar mundos, reales o imaginarios, diferentes del propio.","3.4. Trabaja en equipo determinados aspectos de las lecturas propuestas, o seleccionadas por los alumnos, investigando y experimentando de forma progresivamente autónoma.",
"4435","4","Bloque 4: Educación literaria","3. Cultivar el gusto y el hábito por la lectura en todas sus vertientes: como fuente de acceso al conocimiento y como instrumento de ocio y diversión que permite explorar mundos, reales o imaginarios, diferentes del propio.","3.5. Lee en voz alta, modulando, adecuando la voz, apoyándose en elementos de la comunicación no verbal y potenciando la expresividad verbal.",
"4436","4","Bloque 4: Educación literaria","3. Cultivar el gusto y el hábito por la lectura en todas sus vertientes: como fuente de acceso al conocimiento y como instrumento de ocio y diversión que permite explorar mundos, reales o imaginarios, diferentes del propio.","3.6. Dramatiza fragmentos literarios breves desarrollando progresivamente la expresión corporal como manifestación de sentimientos y emociones, respetando las producciones de los demás.",
"4441","4","Bloque 4: Educación literaria","4. Comprender textos literarios representativos del siglo XVlll a nuestros días, reconociendo la intención del autor, el tema, las peculiaridades del lenguaje literario, los rasgos propios del género al que pertenece, y relacionando su contenido y su form","4.1.  Conoce los principales movimientos literarios, autores y obras del siglo XVIII hasta la actualidad.",
"4442","4","Bloque 4: Educación literaria","4. Comprender textos literarios representativos del siglo XVlll a nuestros días, reconociendo la intención del autor, el tema, las peculiaridades del lenguaje literario, los rasgos propios del género al que pertenece, y relacionando su contenido y su form","4.2. Lee y comprende una selección de textos literarios representativos de la literatura del siglo XVlll a nuestros días, identificando el tema, resumiendo su contenido e interpretando el lenguaje literario.",
"4443","4","Bloque 4: Educación literaria","4. Comprender textos literarios representativos del siglo XVlll a nuestros días, reconociendo la intención del autor, el tema, las peculiaridades del lenguaje literario, los rasgos propios del género al que pertenece, y relacionando su contenido y su form","4.3. Expresa la relación que existe entre el contenido de la obra, la intención del autor y el contexto, y la pervivencia de temas y formas, emitiendo juicios personales razonados.",
"4451","4","Bloque 4: Educación literaria","5. Redactar textos personales de intención literaria siguiendo las convenciones del género, con intención lúdica y creativa.","5.1. Redacta textos personales de intención literaria a partir de modelos dados, siguiendo las convenciones del género y con intención lúdica y creativa.",
"4452","4","Bloque 4: Educación literaria","5. Redactar textos personales de intención literaria siguiendo las convenciones del género, con intención lúdica y creativa.","5.2 Desarrolla el gusto por la escritura como instrumento de comunicación capaz de analizar y regular sus propios sentimientos.",
"4461","4","Bloque 4: Educación literaria","6. Consultar y citar adecuadamente fuentes de información variadas para realizar un trabajo académico en soporte papel o digital sobre un tema del currículo de literatura, adoptando un punto de vista crítico y personal y utilizando las tecnologías de la información","6.1 Consulta varias fuentes de información para desarrollar por escrito, con rigor, claridad, cohesión y coherencia, un tema relacionado con el currículo de literatura, y cita las fuentes utilizadas adecuadamente.",
"4462","4","Bloque 4: Educación literaria","6. Consultar y citar adecuadamente fuentes de información variadas para realizar un trabajo académico en soporte papel o digital sobre un tema del currículo de literatura, adoptando un punto de vista crítico y personal y utilizando las tecnologías de la información","6.2. Aporta en sus trabajos escritos u orales conclusiones y puntos de vista personales y críticos sobre las obras literarias estudiadas, expresándose con rigor, claridad, cohesión y coherencia.",
"4463","4","Bloque 4: Educación literaria","6. Consultar y citar adecuadamente fuentes de información variadas para realizar un trabajo académico en soporte papel o digital sobre un tema del currículo de literatura, adoptando un punto de vista crítico y personal y utilizando las tecnologías de la información","6.3. Utiliza recursos variados de las Tecnologías de la Información y la Comunicación para la realización de sus trabajos académicos.",
